bplist00_ыб203006516,dummy,0.000000,0.000000,0.000000,303.885315,226.313950,-647.704529,-0.187549,-0.635054,-0.749354,0.000000-0.364257,6.231103,-3.134219,-1.660233,8.060181,-2.039429,39.424000,-14.051379,5.051987,0.979887,-0.068162,0.187549,-0.068023,0.769467,0.635054,-0.187599,-0.635039,0.749354,-0.004514,-0.013246,-0.015538,101.7164001464844,0.000015
203006725,dummy,-18.114349,-6.332687,-41.350891,315.891998,228.581558,-666.124817,-0.166017,-0.624748,-0.762973,0.015778-0.183432,-7.202953,1.224539,-0.270737,-4.941254,0.671783,38.663728,-12.275738,4.075142,0.984105,-0.063056,0.166017,-0.055489,0.778852,0.624749,-0.168697,-0.624030,0.762973,0.007417,0.020851,0.002277,101.7164001464844,0.000015
203006920,dummy,-18.410126,-5.733505,-41.279480,316.192627,228.657700,-665.897217,-0.165093,-0.622897,-0.764686,27.084007-1.129063,-5.116126,-0.992507,-1.902328,-4.629288,-0.935410,38.527973,-12.183003,-112.642003,-0.497623,-0.851537,0.165093,0.722011,-0.301165,0.622897,-0.480699,0.429167,0.764686,0.013879,0.004382,-0.008783,101.7164001464844,0.000015
203007116,dummy,-18.111176,-5.882599,-41.276550,316.191406,228.507294,-666.272034,-0.158869,-0.622827,-0.766060,27.3499762.556103,-0.243970,-0.833842,2.277390,0.176590,-0.891129,38.522837,-11.716147,-113.075988,-0.500139,-0.851247,0.158869,0.719760,-0.306647,0.622827,-0.481463,0.425847,0.766060,0.015848,0.003198,0.016014,101.7164001464844,0.000015
203007325,jog,-18.337494,-6.107834,-40.828247,315.365265,228.280716,-665.379089,-0.164953,-0.630725,-0.758272,27.698847-2.178608,8.675610,-1.439576,-3.685104,8.066360,-1.695511,39.103620,-12.272766,-113.129327,-0.507125,-0.845940,0.164953,0.713632,-0.304821,0.630725,-0.483274,0.437572,0.758272,0.004506,-0.005307,0.000002,101.7164001464844,0.000015
203007521,jog,-19.162109,-6.035446,-40.985779,316.041138,228.432297,-665.823242,-0.171234,-0.624963,-0.761643,27.7053782.715877,-15.065739,5.160774,3.113602,-23.567108,8.663422,38.679487,-12.670692,-113.065359,-0.508365,-0.843945,0.171234,0.718248,-0.305845,0.624963,-0.475064,0.440698,0.761643,0.026062,0.049707,0.024216,101.7164001464844,0.000015
203007716,jog,-27.519470,-11.005661,-36.103516,305.507629,223.231552,-659.985229,-0.314700,-0.738628,-0.596148,36.77631850.797012,-300.852976,-69.393595,43.168747,-297.043091,-67.365356,47.614677,-27.829103,-114.167536,-0.676651,-0.665663,0.314700,0.615029,-0.275986,0.738628,-0.404824,0.693343,0.596148,0.198398,-0.099690,0.099642,101.7164001464844,0.000015
203007926,jog,-35.262207,-25.264847,-22.051819,297.559509,211.895172,-647.514771,-0.185653,-0.901602,-0.390701,64.19435941.471184,-60.341279,-126.883372,32.214249,-112.967850,-113.416183,64.369429,-25.416129,-137.863905,-0.929390,-0.319011,0.185653,0.290206,-0.320772,0.901602,-0.228069,0.891817,0.390701,0.111175,-0.092707,0.040740,101.7164001464844,0.000015
203008121,jog,-32.770691,-34.618378,-8.065369,301.534729,200.147018,-632.611389,-0.044381,-0.955168,-0.292721,97.812347-9.186786,-43.904944,-53.279133,-18.950027,-33.256714,-49.995056,72.778536,-8.621299,178.747770,-0.985335,0.164755,0.044381,-0.006470,-0.295995,0.955168,0.170505,0.940873,0.292721,-0.146018,-0.049181,-0.006886,101.7164001464844,0.000015
203008317,jog,-25.729889,-35.577194,-13.025513,308.274963,199.112198,-637.649109,0.106081,-0.933960,-0.341271,101.4285285.113549,-38.687305,-11.264727,-1.359146,-69.964706,-3.827103,69.060752,17.267365,156.340438,-0.985916,0.129289,-0.106081,-0.143416,-0.327339,0.933960,0.086026,0.936020,0.341271,0.185209,-0.105911,-0.113029,101.7164001464844,0.000015
203008526,jog,-26.466034,-33.776871,-10.484863,307.987946,200.764160,-634.804199,0.067460,-0.925036,-0.373841,109.2465821.565389,-19.881286,-15.958635,-0.970551,-58.915421,-12.077866,67.673816,10.228961,154.086078,-0.956945,0.282321,-0.067460,-0.166015,-0.341683,0.925036,0.238108,0.896408,0.373841,0.047027,0.066607,-0.024184,101.7164001464844,0.000015
203008721,jog,-27.648285,-31.378494,-8.549072,306.729889,203.086792,-633.394043,0.007803,-0.910078,-0.414363,114.712997-5.189660,-20.626352,9.568099,-3.901047,-36.730682,17.390961,65.516190,1.078846,154.784643,-0.911852,0.410444,-0.007803,-0.176559,-0.374946,0.910078,0.370610,0.831235,0.414363,-0.116263,-0.023821,-0.020940,101.7164001464844,0.000015
203008917,jog,-30.324188,-28.158463,-5.502991,304.877930,206.159302,-630.340332,-0.135409,-0.930493,-0.340363,112.93663826.013462,26.450717,48.327721,22.649216,42.029114,50.398438,68.511809,-21.694459,173.597748,-0.885019,0.445428,0.135409,-0.040846,-0.364025,0.930493,0.463760,0.817973,0.340363,-0.120954,0.053174,0.019288,101.7164001464844,0.000015
203009126,jog,-29.469818,-23.438263,-12.852417,304.681030,210.651962,-637.098816,-0.185680,-0.927793,-0.323610,89.6633003.799619,54.958673,40.792034,-0.970947,35.585770,42.743332,68.093332,-29.846256,-159.022019,-0.975180,0.120610,0.185680,0.133572,-0.348366,0.927793,0.176585,0.929567,0.323610,0.230297,0.057126,0.010911,101.7164001464844,0.000015
203009321,jog,-29.464783,-22.688629,-13.228455,305.140900,212.152130,-638.296936,-0.222054,-0.920465,-0.321615,87.7498933.708383,-29.756593,-37.805268,7.380219,-58.107590,-52.191666,66.994152,-34.622582,-154.212916,-0.968475,0.112909,0.222054,0.170020,-0.351906,0.920465,0.182071,0.929201,0.321615,-0.010062,0.048563,0.093130,101.712776184082,0.000015
203009516,jog,-26.133698,-29.496155,-5.763306,309.439362,204.148987,-629.321289,-0.043919,-0.961959,-0.269641,97.9853748.858919,-107.778534,-91.821197,5.955612,-101.995605,-82.186462,74.145585,-9.251026,161.304419,-0.885345,0.462856,0.043919,-0.087570,-0.258779,0.961959,0.456613,0.847820,0.269641,0.149616,-0.084001,-0.223096,101.712776184082,0.000015
203009727,jog,-20.912720,-33.975784,-1.059631,312.494598,201.086502,-625.989136,0.028541,-0.949773,-0.311635,126.008713-18.944901,-95.672577,-49.036937,-24.690231,-101.746338,-50.755737,71.763531,5.232830,134.694895,-0.761977,0.646975,-0.028541,-0.222457,-0.220100,0.949773,0.608198,0.730054,0.311635,-0.090995,0.150518,-0.040202,101.712776184082,0.000015
203009922,jog,-17.022675,-35.463257,-0.197388,316.981415,199.150681,-625.270874,0.036726,-0.897455,-0.439574,149.574280-21.026317,-108.791827,-14.026978,-3.977112,-106.801727,-5.486420,63.825547,4.775874,113.854671,-0.471352,0.881181,-0.036726,-0.403424,-0.178391,0.897455,0.784268,0.437833,0.439574,-0.283750,0.053446,0.044661,101.712776184082,0.000015
203010117,jog,-19.789459,-34.641556,4.801514,315.417969,200.426224,-620.036804,-0.009057,-0.960612,-0.277747,146.10049485.584435,187.262272,27.835213,79.265732,200.544296,28.094620,73.865416,-1.867679,126.743241,-0.572825,0.819628,0.009057,-0.222684,-0.166245,0.960612,0.788850,0.548245,0.277747,-0.259193,-0.376959,-0.095392,101.712776184082,0.000015
203010327,jog,-23.428741,-28.442902,-10.615540,311.162476,204.150360,-633.130737,-0.079369,-0.930110,-0.358602,93.509605-92.517077,19.816066,106.101231,-80.871933,-34.733231,95.474197,68.452009,-12.479994,-176.845288,-0.985953,0.146959,0.079369,0.020212,-0.366724,0.930110,0.165795,0.918649,0.358602,0.272560,0.102870,0.237463,101.712776184082,0.000015
203010522,jog,-28.359222,-25.830185,-8.113831,305.872955,209.160278,-632.360901,-0.229651,-0.931293,-0.282763,88.16658065.362137,-42.791559,-14.731190,39.374893,-95.694656,-26.698471,68.637210,-39.082373,-152.602617,-0.959344,0.164074,0.229651,0.167623,-0.323414,0.931293,0.227073,0.931924,0.282763,0.429754,-0.279111,-0.242277,101.712776184082,0.000015
203010717,jog,-22.328033,-32.555573,-1.599487,311.528687,202.432938,-626.674927,-0.041858,-0.944113,-0.326954,121.649734-74.822325,-183.856043,-142.621849,-74.602722,-193.241989,-142.251297,70.754101,-7.295616,145.070633,-0.744575,0.666225,0.041858,-0.188731,-0.270244,0.944113,0.640303,0.695063,0.326954,-0.008938,0.240988,0.249592,101.7132720947266,0.000015
203010927,jog,-11.033447,-36.798096,-2.991455,323.721558,197.893768,-627.383301,0.029566,-0.835738,-0.548331,172.377502-24.344398,-33.155934,-21.576805,16.754471,-8.157257,-10.134430,56.692797,3.086426,94.289599,-0.119561,0.992386,-0.029566,-0.547590,-0.041073,0.835738,0.828161,0.116112,0.548331,-0.552927,-0.034867,0.113822,101.7132720947266,0.000015
203011122,jog,-15.221924,-35.752304,5.369324,319.906555,198.789734,-619.993958,0.036733,-0.979609,-0.197529,143.207733149.176044,375.564809,157.841642,106.288498,387.886566,183.625214,78.409532,10.534426,116.678128,-0.601442,0.798071,-0.036733,-0.179526,-0.090206,0.979609,0.778484,0.595773,0.197529,0.092693,-0.471594,0.054249,101.7132720947266,0.000015
203011318,jog,-26.861816,-25.830856,-13.275330,308.038879,208.187195,-636.914856,-0.292770,-0.858708,-0.420602,76.675072-136.059704,-30.171070,97.485323,-126.563461,-55.149948,100.716660,59.171822,-34.840740,-146.013108,-0.954766,-0.052028,0.292770,0.286470,-0.424919,0.858708,0.079726,0.903735,0.420602,0.291763,0.098958,0.342721,101.7132720947266,0.000015
203011527,jog,-31.648041,-24.042694,-10.771057,302.738068,211.547760,-635.467590,-0.398627,-0.853207,-0.336355,76.90837973.239135,3.882202,-92.054066,62.043915,-3.869858,-108.435440,58.562159,-49.842883,-138.754452,-0.914797,0.065134,0.398627,0.343867,-0.392166,0.853207,0.211901,0.917586,0.336355,0.191947,-0.295673,-0.150202,101.7132720947266,0.000015
203011722,jog,-18.382874,-36.670807,-3.657776,313.008270,199.660339,-628.682373,0.013086,-0.954600,-0.297602,126.218750-57.343406,-171.053154,-218.586202,-60.869858,-178.689743,-216.591995,72.669117,2.517848,140.923680,-0.801992,0.597191,-0.013086,-0.187776,-0.231254,0.954600,0.567053,0.768039,0.297602,-0.105295,0.217357,0.136286,101.7132720947266,0.000015
203011918,jog,-1.003174,-39.248230,-8.222473,334.349762,195.145538,-632.533508,0.348582,-0.774281,-0.528185,174.02053819.663426,43.558941,-42.895214,38.281403,63.837891,-26.857910,50.739923,33.423314,77.426259,-0.234567,0.907452,-0.348582,-0.617664,0.137767,0.774281,0.750646,0.396927,0.528185,-0.676142,-0.163219,0.049043,101.7132720947266,0.000015
203012128,jog,-15.103668,-39.808609,-1.298584,323.539215,193.095734,-624.902771,0.151704,-0.971209,-0.183679,130.00041214.747300,305.276370,261.149687,1.303024,223.297806,271.505371,76.218071,39.553952,107.593960,-0.822598,0.548014,-0.151704,-0.227083,-0.072009,0.971209,0.521312,0.833364,0.183679,0.260710,-1.639691,-0.085226,101.7129745483398,0.000015
203012323,jog,-27.212372,-33.476059,-7.417053,306.641602,201.063263,-631.666748,-0.198216,-0.960664,-0.194511,75.732803-25.677172,-43.164381,-1.482802,-37.870132,-100.967255,3.601593,73.876295,-45.540614,-140.028925,-0.977243,0.075537,0.198216,0.178402,-0.212830,0.960664,0.114752,0.974165,0.194511,1.093190,1.172670,0.326896,101.7129745483398,0.000015
203012518,jog,-19.830139,-40.195282,1.209473,316.495636,193.901108,-623.392395,0.105191,-0.970353,-0.217601,117.845497-34.084358,-118.463648,-284.992648,-49.306122,-82.505844,-290.512207,76.013537,25.799572,115.027335,-0.763550,0.637124,-0.105191,-0.218999,-0.102248,0.970353,0.607480,0.763949,0.217601,0.533527,-1.733947,-0.584859,101.7129745483398,0.000015
203012728,jog,0.633148,-41.045471,-10.380066,332.761200,193.339020,-634.270142,0.286042,-0.715497,-0.637372,175.915756-2.798353,84.860511,-46.638366,-8.745453,97.924606,16.469620,45.683954,24.169767,77.200988,-0.083564,0.954566,-0.286042,-0.681257,0.154766,0.715497,0.727259,0.254658,0.637372,-1.337251,1.043347,0.976484,101.7129745483398,0.000015
203012923,jog,-15.866730,-41.759689,-0.102478,317.016785,193.451324,-624.737061,0.093110,-0.982035,-0.164127,110.73996077.883022,294.950572,195.093985,96.373581,222.540741,176.392853,79.123152,29.566489,129.307980,-0.925934,0.366028,-0.093110,-0.146006,-0.119538,0.982035,0.348322,0.922894,0.164127,0.487471,-1.863577,0.372974,101.7129745483398,0.000015
203013118,jog,-20.350891,-39.005096,-7.046997,313.805817,195.984375,-632.044678,0.024460,-0.978851,-0.203107,83.084961-13.762853,-196.132201,-104.161423,-12.282623,-206.830276,-116.369858,78.195382,6.866865,171.309845,-0.999112,0.034317,-0.024460,-0.030909,-0.202226,0.978851,0.028645,0.978737,0.203107,0.745560,0.914001,0.504392,101.7129745483398,0.000015
203013328,jog,-2.453949,-43.297485,-3.129517,332.076904,191.617355,-628.873718,0.327555,-0.862093,-0.386656,149.651611-101.529095,-402.833356,-48.205310,-101.776978,-381.887939,-41.020157,59.552426,40.269552,92.640357,-0.591801,0.736532,-0.327555,-0.506212,-0.023344,0.862093,0.627312,0.676000,0.386656,-0.123591,-0.414900,0.445631,101.7131195068359,0.000015
203013523,jog,0.394104,-43.292816,-7.003906,334.702454,191.996063,-633.050659,0.230803,-0.814397,-0.532436,166.019089113.767497,207.029017,180.093906,152.031525,356.154663,285.039490,54.527770,23.436017,88.515527,-0.300028,0.925588,-0.230803,-0.580114,0.015033,0.814397,0.757266,0.378234,0.532436,-0.921080,0.722051,0.760524,101.7131195068359,0.000015
203013718,jog,-20.439545,-41.251297,-2.994446,314.465057,193.366379,-627.009888,-0.032291,-0.975991,-0.215404,94.959961-58.550683,123.999612,38.749757,-61.002762,106.380173,25.961319,77.419485,-8.525724,-177.261801,-0.994733,0.097284,0.032291,0.010405,-0.217563,0.975991,0.101974,0.971186,0.215404,0.683170,0.417657,0.381328,101.7131195068359,0.000015
203013929,jog,-8.391663,-45.115204,-3.030151,325.165802,189.947845,-627.658447,0.193769,-0.916645,-0.349592,135.10548419.680492,-344.267489,-208.632049,24.740601,-291.155640,-157.216064,66.440498,28.998405,113.090905,-0.751798,0.630280,-0.193769,-0.367679,-0.156759,0.916646,0.547369,0.760377,0.349592,0.611101,-2.360622,-0.637926,101.7131195068359,0.000015
203014123,jog,-5.464630,-44.436874,-8.479858,330.115601,190.257935,-632.414307,0.073170,-0.818819,-0.569369,169.1661531.306610,32.689436,20.285517,48.009155,144.249893,53.499619,54.966774,7.323030,94.375150,-0.179730,0.980991,-0.073170,-0.572379,-0.043792,0.818819,0.800050,0.189047,0.569369,-1.298375,1.316027,1.095263,101.7131195068359,0.000015
203014319,jog,-13.413391,-44.383926,-6.676514,321.712708,189.783569,-631.589233,0.093296,-0.911636,-0.400271,123.09985415.104200,149.598737,17.017703,11.595657,120.608536,21.634995,65.732355,13.120312,139.552262,-0.875385,0.474339,-0.093295,-0.266638,-0.312770,0.911636,0.403244,0.822908,0.400271,0.896283,-0.988725,-0.138944,101.7131195068359,0.000015
203014528,jog,-16.563660,-44.245865,-9.180054,317.369385,190.967407,-634.705078,0.014303,-0.889917,-0.455898,113.09758011.847548,-77.911387,-59.028318,32.032761,-78.884857,-94.616302,62.862849,1.796949,154.782983,-0.916145,0.400592,-0.014303,-0.194330,-0.412654,0.889917,0.350592,0.818073,0.455898,0.409617,0.814234,0.510555,101.7131195068359,0.000015
203014724,jog,-1.345184,-44.731522,-15.492310,333.110931,190.183624,-640.712219,0.263975,-0.744566,-0.613138,143.025009-98.550061,-208.722248,-80.311741,-79.585114,-171.022202,-81.458694,48.121847,23.293336,115.416210,-0.660142,0.703228,-0.263975,-0.602939,-0.286506,0.744566,0.447970,0.650680,0.613138,-0.292631,0.071684,0.427073,101.7131195068359,0.000015
203014918,jog,1.656799,-44.422867,-15.840759,335.809082,189.818100,-639.337402,0.279949,-0.765992,-0.578693,142.331558134.343851,292.635002,178.792305,147.172272,373.056183,238.536163,49.995286,25.815901,114.480692,-0.676617,0.681042,-0.279949,-0.585059,-0.266389,0.765992,0.447097,0.682069,0.578693,-0.895275,0.431137,0.768756,101.7131195068359,0.000015
203015129,jog,-26.387360,-44.420334,-4.168213,309.561798,189.302078,-626.597900,-0.125295,-0.972160,-0.198003,64.15976711.217413,294.077456,53.978842,-11.357803,287.281097,28.375824,76.448657,-32.325347,-129.168362,-0.936747,-0.326811,0.125295,0.181664,-0.147995,0.972160,-0.299170,0.933430,0.198003,0.204549,0.016579,0.380178,101.7131195068359,0.000015
203015324,jog,-24.082092,-47.558960,0.282227,310.895172,186.684479,-623.206970,-0.046353,-0.986414,-0.157603,81.36676067.681615,-200.912869,-183.856466,67.531006,-146.176193,-261.059326,80.544701,-16.389329,-157.837895,-0.993482,-0.104134,0.046353,0.061970,-0.152141,0.986414,-0.095667,0.982858,0.157603,0.068814,-1.376119,0.006816,101.7131195068359,0.000015
203015519,jog,3.199158,-49.364319,-11.919434,337.500580,184.727463,-635.039551,0.282567,-0.736618,-0.614450,139.542130-152.730065,-258.321197,-142.546226,-144.535263,-243.459106,-150.402161,47.444153,24.696228,113.502927,-0.644553,0.710428,-0.282567,-0.620202,-0.269709,0.736618,0.447104,0.650038,0.614450,-1.232823,0.195557,0.902140,101.7131195068359,0.000015
203015729,jog,-9.868134,-52.247711,-6.107788,322.939270,182.813004,-630.817749,0.208800,-0.919683,-0.332545,104.180878117.180378,328.587096,252.569549,65.850327,243.993408,232.866516,66.879723,32.124084,143.964249,-0.972545,0.102755,-0.208800,-0.230999,-0.317527,0.919683,0.028203,0.942665,0.332545,0.093995,-2.669581,0.476665,101.7131195068359,0.000015
203015924,jog,-23.470001,-44.574753,-17.341675,311.432556,189.743042,-641.281677,-0.031307,-0.953566,-0.299553,54.767433-77.522620,-131.889737,44.344361,-69.779510,-216.848022,15.832764,72.471228,-5.966376,-140.642391,-0.831871,-0.554085,0.031307,0.190999,-0.232877,0.953566,-0.521066,0.799223,0.299553,1.397838,1.197874,0.492867,101.7131195068359,0.000015
203016119,jog,-22.228333,-50.258026,-4.346985,310.057800,185.400208,-629.962585,0.147341,-0.940523,-0.306116,98.760071-46.296726,-161.426057,-218.590246,-60.734467,-150.344757,-195.402374,70.139599,25.702736,143.387941,-0.966544,0.209961,-0.147341,-0.202613,-0.272698,0.940523,0.157293,0.938910,0.306116,0.087034,-1.359922,-0.251425,101.7131195068359,0.000015
203016329,jog,-5.962189,-50.967041,-12.149536,327.967438,183.721756,-637.148804,0.241423,-0.763843,-0.598548,136.74296637.228178,216.214529,33.284181,46.785858,278.290314,104.619476,49.804127,21.966561,122.725383,-0.741740,0.625729,-0.241423,-0.542959,-0.348913,0.763843,0.393723,0.697655,0.598548,-1.496580,1.049533,1.156775,101.7131195068359,0.000015
203016524,jog,-24.636505,-39.408508,-22.609985,312.196991,192.066650,-644.953308,-0.020621,-0.944181,-0.328781,38.572727-44.996555,170.742353,193.581276,-19.439117,132.239014,197.323853,70.766019,-3.588917,-126.087973,-0.635634,-0.771715,0.020621,0.266214,-0.194041,0.944181,-0.724638,0.605643,0.328781,0.398810,-0.623186,0.751953,101.7131195068359,0.000015
203016719,jog,-25.517670,-36.859146,-20.596741,310.871399,195.439301,-643.320312,-0.026026,-0.948667,-0.315203,28.81341224.039875,-146.404476,-175.044389,38.205368,-146.837204,-179.690628,71.562185,-4.720141,-122.338550,-0.599064,-0.800278,0.026026,0.267222,-0.169182,0.948668,-0.754795,0.575267,0.315203,0.751581,-0.003985,0.390917,101.7131195068359,0.000015
203016929,jog,-7.529022,-38.381592,-22.007568,326.539093,194.509705,-644.902954,0.261082,-0.703808,-0.660674,96.059174-100.857497,-167.614440,-99.685894,-51.481995,-73.690292,-78.751846,44.733366,21.562734,164.917341,-0.965285,-0.007751,-0.261082,-0.184852,-0.685918,0.703808,-0.184536,0.727638,0.660674,-0.872716,0.077588,0.823836,101.7131195068359,0.000015
203017124,jog,-12.263245,-40.041031,-17.247620,322.790314,194.427048,-641.336487,0.110992,-0.936943,-0.331388,54.299286119.249297,442.242591,226.920550,136.489090,367.800323,104.782806,69.544421,18.517318,-157.105599,-0.757767,-0.643017,-0.110992,0.135960,-0.321950,0.936943,-0.638204,0.694894,0.331388,0.353089,-3.108161,0.178876,101.7131195068359,0.000015
203017319,jog,-6.180939,-38.899155,-18.619629,328.574677,195.941895,-643.836731,0.025104,-0.975868,-0.216914,12.089325-65.846411,-13.341143,-22.811713,-61.964600,-47.411713,-32.077240,77.387148,6.601726,-107.279434,-0.187934,-0.981861,-0.025104,0.208507,-0.064861,0.975868,-0.959795,0.178164,0.216914,0.827129,1.193992,0.434810,101.7131195068359,0.000015
203017530,jog,0.725525,-37.756516,-21.709167,332.543457,195.127792,-644.849792,0.365289,-0.884058,-0.291557,64.484955-48.936851,-171.579119,-144.013541,-50.873886,-240.372482,-124.178238,62.135798,51.404726,173.353133,-0.699600,-0.614104,-0.365289,-0.054099,-0.464236,0.884058,-0.712484,0.638248,0.291557,0.453131,-1.373846,-0.197716,101.7138442993164,0.000015
203017725,jog,-0.095764,-37.159897,-22.617493,334.057678,197.379257,-647.914490,0.448002,-0.774442,-0.446692,96.73797656.349607,165.323499,70.539728,46.302521,218.881195,155.118744,50.754507,45.083875,151.188168,-0.882964,-0.140245,-0.448002,-0.304893,-0.554328,0.774442,-0.356951,0.820398,0.446692,-1.629795,0.848234,0.594687,101.7138442993164,0.000015
203017920,jog,-10.676788,-38.238663,-19.636108,323.927246,196.377075,-644.704224,-0.036236,-0.987674,-0.152275,25.07214433.825023,140.343367,111.180405,16.599472,154.720215,114.063293,80.994624,-13.385516,-97.731456,-0.357446,-0.933231,0.036236,0.155104,-0.021058,0.987674,-0.920964,0.358660,0.152275,0.360776,-0.562009,-0.069939,101.7138442993164,0.000015
203018130,jog,-9.522156,-33.590973,-25.407654,325.082428,201.025757,-649.500732,0.114175,-0.940098,-0.321218,36.48068245.342057,-180.833493,-174.610248,97.129532,-203.734238,-206.740738,70.067939,19.567483,-139.795767,-0.516397,-0.848704,-0.114175,0.220059,-0.260366,0.940098,-0.827592,0.460338,0.321218,0.361274,0.398716,0.567616,101.7138442993164,0.000015
203018325,jog,-8.610107,-31.789261,-26.452148,325.843658,202.751389,-651.146484,0.352886,-0.721073,-0.596259,111.733734-5.973559,-153.863671,-103.840479,6.797348,-155.511948,-129.321121,46.143177,30.618469,160.563826,-0.933743,-0.059964,-0.352886,-0.230553,-0.653375,0.721073,-0.273805,0.754656,0.596259,-0.877193,0.206486,0.694220,101.7138442993164,0.000015
203018521,jog,-3.688721,-36.269058,-21.001160,330.243439,198.794510,-646.226013,0.363945,-0.894486,-0.259689,95.849396-79.440352,331.409221,293.770043,-90.934067,241.751617,235.509003,63.442509,54.490665,165.448247,-0.745149,-0.558835,-0.363945,-0.112335,-0.432753,0.894486,-0.657369,0.707409,0.259689,0.830864,-3.504089,-0.042313,101.7138442993164,0.000015
203018730,jog,-2.969635,-29.375229,-29.329956,331.932129,204.866943,-653.869934,0.147680,-0.923689,-0.353538,33.888916-76.595599,4.436151,71.973808,-43.861099,-33.422577,69.491241,67.471473,22.671272,-130.108073,-0.322150,-0.935099,-0.147680,0.293040,-0.246833,0.923689,-0.900193,0.254290,0.353538,0.823908,1.575895,0.778664,101.7136611938477,0.000015
203018926,jog,-13.942230,-33.002533,-23.723328,321.116333,202.288971,-649.388367,0.173824,-0.900500,-0.398603,73.706451-29.785086,-243.871003,-186.089925,-41.120071,-251.930145,-186.511810,64.223907,23.561260,-171.112388,-0.850015,-0.497251,-0.173824,0.067184,-0.429634,0.900500,-0.522456,0.753761,0.398603,-0.242230,-0.815503,0.014417,101.7136611938477,0.000015
203019120,jog,-12.082764,-35.468567,-20.327881,322.743835,198.699127,-644.118347,0.227813,-0.854009,-0.467729,100.55468867.670229,176.266337,152.131672,73.515747,217.189972,171.678741,58.650413,25.968965,165.573148,-0.963851,-0.138177,-0.227813,-0.129619,-0.503853,0.854009,-0.232788,0.852666,0.467729,-0.983566,0.814092,0.535859,101.7136611938477,0.000015
203019331,jog,-15.978088,-35.101028,-16.088501,316.673889,199.134903,-640.123596,-0.239408,-0.955604,-0.171769,20.47790364.715769,353.202524,134.707463,11.910507,449.683838,125.705917,72.863213,-54.341470,-64.131522,-0.444287,-0.863304,0.239408,0.265129,0.128559,0.955604,-0.855754,0.488036,0.171769,-0.230135,-0.103371,0.279146,101.7136611938477,0.000015
203019526,jog,-10.975677,-38.385147,-15.213501,323.776459,195.857254,-639.079712,-0.102754,-0.980174,-0.169410,36.177094114.651282,-202.974576,-265.892844,5.060425,-229.281494,-344.939941,78.571978,-31.238412,-95.989162,-0.594757,-0.797312,0.102754,0.197055,-0.020674,0.980174,-0.779380,0.603214,0.169410,-0.041442,-0.525761,0.569679,101.7136611938477,0.000015
203019721,jog,-5.083771,-31.554337,-27.095764,328.849335,203.659012,-652.545776,0.237484,-0.743442,-0.625217,99.841797-95.132685,-276.274076,-174.229028,-82.941025,-222.338211,-178.197678,48.025420,20.798940,157.945158,-0.965552,0.106353,-0.237484,-0.251131,-0.619861,0.743442,-0.068140,0.777471,0.625217,-1.155453,0.691897,0.848300,101.7136611938477,0.000015
203019931,jog,-1.374817,-37.985229,-19.102722,335.579041,200.458450,-648.280457,0.193855,-0.947547,-0.254114,58.576080104.249205,122.326079,212.141632,107.357422,66.756180,237.521652,71.360343,37.338764,-171.415822,-0.700374,-0.686947,-0.193855,0.047706,-0.316035,0.947547,-0.712180,0.654389,0.254114,0.813149,-2.216424,-0.295919,101.7136611938477,0.000015
203020126,jog,-0.399597,-38.055939,-17.743896,334.577698,196.261459,-642.283081,0.013496,-0.981698,-0.189966,17.216553-84.623947,-136.446525,24.587569,10.067932,-331.671448,-45.047974,79.021242,4.063791,-106.257887,-0.212469,-0.977075,-0.013496,0.182829,-0.053317,0.981698,-0.959912,0.206113,0.189966,2.110802,2.075722,0.744715,101.7136611938477,0.000015
203020321,jog,0.363892,-35.956100,-20.215149,335.110870,197.536636,-643.705322,0.313836,-0.880050,-0.356396,76.127319-174.527070,-297.843868,-128.668060,-174.361755,-309.453430,-129.375443,61.648443,41.366529,165.594904,-0.871591,-0.376611,-0.313836,-0.118139,-0.459951,0.880050,-0.475786,0.804120,0.356396,-0.038476,-1.068970,0.270581,101.7136611938477,0.000015
203020531,jog,-3.567810,-29.225525,-27.835571,330.812714,205.540298,-652.155945,0.373978,-0.707361,-0.599817,110.86593644.883226,134.647808,155.983024,42.032562,162.443481,234.537659,45.020586,31.942997,148.755892,-0.919618,0.120175,-0.373978,-0.366634,-0.604334,0.707361,-0.141001,0.787615,0.599817,-1.192429,0.851419,0.802134,101.7136611938477,0.000015
203020726,jog,-11.999512,-34.416519,-18.528748,322.080383,200.273239,-643.001709,-0.044620,-0.980574,-0.191006,41.161369-4.020386,167.405164,72.067716,-52.792053,274.751709,62.075546,78.688163,-13.148718,-117.175436,-0.643180,-0.764414,0.044620,0.174496,-0.089584,0.980574,-0.745567,0.638472,0.191006,-0.208936,-0.575914,-0.251727,101.7136611938477,0.000015
203020922,jog,-9.048706,-30.584671,-20.532959,328.263000,205.237503,-647.303467,0.073776,-0.960942,-0.266733,41.469238135.310405,-228.719266,-111.732544,74.960129,-225.363785,-164.204269,73.933778,15.461023,-147.149403,-0.670727,-0.738026,-0.073776,0.150122,-0.232493,0.960942,-0.726353,0.633455,0.266733,-0.371048,-1.590876,0.049738,101.7136611938477,0.000015
203021131,jog,-7.837158,-29.005051,-19.549377,326.917694,205.686600,-644.166321,0.333370,-0.751713,-0.569027,109.1870574.999734,-249.471157,-168.850186,36.873047,-82.489487,-163.180862,48.738981,30.364336,149.076913,-0.935455,0.117420,-0.333370,-0.338904,-0.565749,0.751713,-0.100338,0.816174,0.569027,-1.158474,0.743183,0.818966,101.7136611938477,0.000015
203021327,jog,-9.497528,-30.805634,-15.136597,327.661560,204.641083,-641.907959,0.106601,-0.936104,-0.335180,68.488495159.590498,108.288435,382.083924,130.228622,46.981979,291.988831,69.407258,17.642849,-168.615546,-0.878211,-0.466242,-0.106601,0.069427,-0.344803,0.936104,-0.473207,0.814696,0.335179,0.204846,-1.698982,-0.335276,101.7136611938477,0.000015
203021521,jog,-10.913177,-29.385941,-16.201416,323.315582,205.153976,-640.972839,-0.145088,-0.944114,-0.295971,15.109183-13.440252,-222.288288,-88.413780,1.078766,-300.894592,-104.803757,70.754276,-26.114565,-89.038460,-0.400441,-0.904763,0.145088,0.329574,0.005531,0.944114,-0.855002,0.425879,0.295971,2.317192,1.396811,0.409847,101.7117462158203,0.000015
203021732,jog,0.779816,-30.326797,-17.144836,335.075012,202.791168,-639.063477,0.385480,-0.823921,-0.415402,100.007172-101.981152,-255.742309,-145.423429,-109.063156,-301.011475,-119.787491,55.479277,42.860398,148.794193,-0.917328,-0.099569,-0.385480,-0.293617,-0.484709,0.823921,-0.268883,0.868990,0.415402,-0.161466,-0.892815,0.082119,101.7117462158203,0.000015
203021926,jog,-4.319489,-30.044617,-19.666199,329.679382,203.745361,-643.688538,0.258063,-0.813161,-0.521702,110.062759145.228181,298.486234,263.763628,153.328476,396.607361,333.732788,54.405904,26.319567,148.105506,-0.951501,0.167481,-0.258063,-0.307524,-0.494164,0.813161,0.008663,0.853084,0.521702,-1.093009,0.719899,0.988087,101.7117462158203,0.000015
203022122,jog,-9.241974,-37.475342,-10.624268,325.512909,197.290329,-636.216309,-0.128350,-0.987220,-0.094464,28.684101-82.860911,243.408298,23.904047,-100.233383,240.431534,8.584091,80.829954,-53.647325,-63.953174,-0.454056,-0.881680,0.128350,0.143179,0.069978,0.987220,-0.879393,0.466630,0.094464,0.207421,-0.101403,0.074628,101.7117462158203,0.000015
203022332,jog,-5.425476,-38.442383,-14.113525,329.264465,197.822266,-640.533264,0.050821,-0.993047,-0.106183,47.198395-46.592914,-425.115181,-238.201754,-80.328110,-352.538391,-289.309021,83.239563,25.576725,-157.910976,-0.674583,-0.736447,-0.050821,0.044268,-0.109078,0.993047,-0.736870,0.667643,0.106183,1.415854,-2.861720,-0.249622,101.7117462158203,0.000015
203022526,jog,1.968506,-31.454971,-23.882446,336.120880,202.860092,-648.279175,0.486290,-0.706364,-0.514365,119.59326216.572641,-211.345259,-206.689652,37.954208,-110.172195,-121.052536,44.939855,43.392922,133.633649,-0.852650,0.191074,-0.486290,-0.512317,-0.488447,0.706364,-0.102560,0.851417,0.514365,-1.353859,0.675618,0.802924,101.7117462158203,0.000015
203022721,jog,-6.099792,-38.369034,-13.744690,328.877533,195.948441,-638.208984,0.054529,-0.993826,-0.096627,60.82263235.715869,286.848383,234.492443,60.813034,259.956146,209.703766,83.629821,29.437007,-162.616956,-0.685198,-0.726312,-0.054529,0.033148,-0.105884,0.993826,-0.727602,0.679160,0.096627,0.753500,-1.564554,0.171075,101.7117462158203,0.000015
203022931,jog,-6.224182,-34.250809,-20.127014,328.158844,200.889725,-644.747925,0.049315,-0.961284,-0.271111,39.805603-12.649504,-213.409629,-129.170830,-3.967056,-252.471985,-132.811401,74.004634,10.309466,-135.956117,-0.587602,-0.807646,-0.049315,0.191572,-0.198074,0.961284,-0.786145,0.555405,0.271111,0.989655,0.570842,0.772087,101.7099914550781,0.000015
203023127,jog,-4.341919,-33.195419,-20.411621,330.484436,200.971741,-644.727112,0.303119,-0.798201,-0.520571,106.151794-102.245207,-248.149023,-117.935893,-94.195572,-220.643295,-130.540787,52.958658,30.211517,150.077611,-0.949334,0.082962,-0.303119,-0.300489,-0.522093,0.798201,-0.092036,0.848844,0.520571,-0.771091,-0.135561,0.700716,101.7099914550781,0.000015
203023322,jog,1.346405,-35.346634,-13.682190,336.632080,200.393600,-641.295837,0.326380,-0.904248,-0.275339,101.45895443.538788,461.146615,437.353624,-19.020218,457.330261,436.378784,64.722203,49.848499,152.952465,-0.888576,-0.322348,-0.326380,-0.194173,-0.380306,0.904248,-0.415607,0.866868,0.275339,-0.899820,-1.344287,0.911753,101.7099914550781,0.000015
203023532,jog,-10.125427,-35.152405,-10.035767,323.875641,198.937790,-633.833496,-0.020476,-0.980896,-0.193452,20.289295-113.201172,190.010822,-46.008772,-114.270859,86.786041,-32.308502,78.782576,-6.042083,-104.045680,-0.341508,-0.939656,0.020476,0.188717,-0.047212,0.980896,-0.920738,0.338849,0.193452,0.539809,0.912476,0.663743,101.7099914550781,0.000015
203023727,jog,-0.015869,-37.889633,-2.590637,330.462555,196.638550,-627.845764,0.336787,-0.927731,-0.160900,69.213898-27.162353,-217.007514,-207.059452,-55.878067,-354.951233,-156.924759,68.083892,64.463922,155.811968,-0.736222,-0.586985,-0.336787,-0.152932,-0.340480,0.927731,-0.659233,0.734522,0.160900,1.248448,-2.015689,-0.587361,101.7099914550781,0.000015
203023922,jog,3.094849,-31.966766,-14.046509,336.574188,202.646133,-638.599731,0.285582,-0.755490,-0.589642,117.87074346.747662,-70.256419,58.579623,58.985367,31.501190,88.574432,49.068200,25.842312,139.951375,-0.900840,0.327002,-0.285582,-0.421555,-0.501524,0.755490,0.103820,0.800964,0.589642,-2.101698,0.972394,1.162030,101.7099914550781,0.000015
203024132,jog,-12.445587,-34.631927,-7.582397,322.827850,199.086990,-631.518127,-0.097193,-0.960343,-0.261332,32.94645329.787503,217.843857,137.670222,-2.338837,200.179779,103.988495,73.810168,-20.400831,-106.661551,-0.589441,-0.801943,0.097193,0.267114,-0.079943,0.960343,-0.762371,0.592027,0.261332,0.391306,-0.675124,0.152949,101.7099685668945,0.000015
203024327,jog,-6.442780,-33.942963,-11.654358,328.011993,200.673599,-635.448853,-0.043108,-0.953890,-0.297043,24.90539687.046779,-190.565119,-119.574428,136.786423,-227.698044,-106.071060,72.533081,-8.257379,-108.041092,-0.436751,-0.898549,0.043108,0.285398,-0.092958,0.953890,-0.853110,0.428915,0.297043,1.019808,-0.258634,0.868775,101.7099685668945,0.000015
203024523,jog,3.096344,-31.667953,-15.246948,336.957306,203.994583,-641.298340,0.288609,-0.835126,-0.468262,87.179047-130.763753,-353.625422,-95.165162,-126.289627,-328.610107,-101.634323,56.628951,31.647201,159.029637,-0.951728,-0.104492,-0.288609,-0.196858,-0.513626,0.835126,-0.235501,0.851628,0.468262,-0.736409,-0.098529,0.923508,101.7099685668945,0.000015
203024735,jog,-0.288055,-32.953888,-16.025513,333.488403,201.210342,-640.125366,0.252392,-0.915171,-0.314263,77.85128876.770022,433.903367,421.178151,75.040863,384.542328,328.645111,66.229974,38.768814,167.117604,-0.887819,-0.384807,-0.252392,-0.089864,-0.392921,0.915171,-0.451334,0.835186,0.314263,-0.811199,-1.583166,0.827538,101.7099685668945,0.000015
203024927,jog,-1.559143,-32.284286,-17.612915,331.467102,201.877396,-642.019531,-0.073379,-0.967084,-0.243649,15.454545-92.353023,201.315687,-16.759684,-86.105026,81.872177,-28.934738,75.258481,-16.760458,-91.728590,-0.307636,-0.948671,0.073379,0.254343,-0.007676,0.967084,-0.916881,0.316173,0.243649,0.985457,0.960156,0.891232,101.7099685668945,0.000015
203025123,jog,-2.152496,-31.163483,-20.020020,331.927368,203.526138,-644.642944,0.247400,-0.929978,-0.271908,57.373840-22.979265,-214.161442,-260.849241,-42.097946,-280.287201,-252.134125,68.431396,42.297919,174.882673,-0.792531,-0.557393,-0.247400,-0.032790,-0.366150,0.929978,-0.608949,0.745149,0.271908,1.299353,-2.317733,-1.026187,101.7099685668945,0.000015
203025334,jog,-3.698212,-26.598450,-25.365723,331.654938,207.795746,-649.226807,0.473290,-0.667910,-0.574363,121.57023692.517740,187.932764,-41.565680,75.892731,246.900528,46.057724,41.905957,39.489366,133.272420,-0.838264,0.270757,-0.473290,-0.541885,-0.510154,0.667910,-0.060609,0.816354,0.574363,-2.143074,0.658068,0.952110,101.7099685668945,0.000015
203025528,jog,-5.388489,-32.895950,-17.796509,329.891724,201.871887,-642.783752,0.100196,-0.988404,-0.114097,47.28012111.537478,28.137910,172.334934,-7.697357,48.213669,122.464066,81.266024,41.288538,-172.358818,-0.658002,-0.746321,-0.100196,0.020191,-0.150499,0.988404,-0.752746,0.648348,0.114097,0.351418,-0.716811,0.062812,101.7094116210938,0.000015
203025723,jog,-2.361267,-28.691284,-22.200562,332.469208,206.075821,-646.591858,0.118634,-0.963080,-0.241665,24.71487417.056454,-241.282744,-118.806988,13.075348,-253.389099,-125.103882,74.382506,26.146637,-140.705450,-0.425931,-0.896944,-0.118634,0.170495,-0.208345,0.963080,-0.888546,0.389979,0.241665,0.951983,0.657279,0.651806,101.7094116210938,0.000015
203025934,jog,-0.190033,-29.357864,-20.304993,334.711578,204.809982,-644.169800,0.514768,-0.745080,-0.424110,99.384216-58.040612,-308.912408,-144.482366,-26.844742,-258.688141,-126.587494,48.165984,50.515423,147.400413,-0.845510,-0.141870,-0.514768,-0.359343,-0.561897,0.745080,-0.394951,0.814951,0.424110,-0.491423,-0.461905,0.488776,101.7094116210938,0.000015
203026128,jog,-2.656738,-28.165451,-20.479065,333.596985,206.380493,-645.307190,0.383332,-0.790874,-0.477048,89.842987-32.809114,306.359693,389.402882,-21.852203,479.929626,477.458435,52.267305,38.783604,160.993228,-0.898356,-0.214507,-0.383332,-0.199309,-0.578613,0.790874,-0.391449,0.786888,0.477048,-1.038300,0.175457,0.863477,101.7094116210938,0.000015
203026323,jog,-9.654541,-31.855408,-14.461426,326.599518,202.839081,-640.714844,-0.102306,-0.969753,-0.221615,19.001175-76.230293,220.936074,-46.715810,-83.753159,182.998566,-75.280426,75.871954,-24.779749,-84.835771,-0.323081,-0.940825,0.102306,0.243099,0.021971,0.969753,-0.914616,0.338179,0.221615,0.923137,0.953273,0.628262,101.7094116210938,0.000015
203026534,jog,2.194214,-31.970673,-15.254639,332.897247,202.483429,-640.282593,0.373233,-0.888699,-0.266291,79.02938838.957541,-124.811503,-316.176560,-8.165237,-113.023956,-168.741180,62.710246,54.493232,156.690364,-0.819660,-0.434573,-0.373233,-0.181425,-0.421069,0.888699,-0.543361,0.796145,0.266291,1.526059,-2.620181,-1.060552,101.7094116210938,0.000015
203026728,jog,2.054779,-30.323044,-17.208313,336.133911,204.217178,-641.231079,0.475456,-0.774765,-0.416750,115.70469764.515324,6.072004,-13.126051,-7.274261,118.367920,122.919800,50.783719,48.764532,130.170158,-0.870400,0.127851,-0.475456,-0.483122,-0.407839,0.774765,-0.094855,0.904058,0.416750,-2.531914,0.305542,0.412356,101.7094116210938,0.000015
203026924,jog,-13.957031,-24.525955,-22.086182,319.301025,210.611328,-646.567200,-0.316353,-0.862516,-0.394952,35.512844106.301574,72.207339,262.401060,111.086853,102.995499,223.856430,59.600262,-38.694453,-94.272776,-0.595868,-0.738147,0.316353,0.504623,-0.037702,0.862516,-0.624737,0.673585,0.394952,-0.132255,-1.617358,0.458825,101.708984375,0.000015
203027136,jog,1.028687,-26.654739,-20.823120,334.882080,207.809509,-645.147766,0.039303,-0.926163,-0.375069,17.900879165.751097,-261.910297,-223.391254,145.596558,-467.675354,-267.587402,67.844438,5.982185,-111.724377,-0.278458,-0.959644,-0.039303,0.350337,-0.139589,0.926163,-0.894273,0.244128,0.375069,1.886188,-1.655364,0.890648,101.708984375,0.000015
203027328,jog,-0.225800,-23.437424,-24.739197,334.750183,210.655426,-648.828186,0.473240,-0.698073,-0.537344,108.898987-88.582697,-264.070276,-113.870462,-91.531418,-271.334290,-84.410477,44.272599,41.370422,143.789086,-0.878062,0.071079,-0.473240,-0.422999,-0.577725,0.698073,-0.223784,0.813131,0.537344,-1.030597,-0.094118,0.561300,101.708984375,0.000015
203027524,jog,-4.128418,-23.823929,-24.548767,329.581390,211.613907,-649.851135,0.182683,-0.917440,-0.353455,76.860596233.131350,446.702841,353.445569,182.273819,316.669525,322.612823,66.554700,27.332197,-166.915628,-0.769932,-0.611417,-0.182683,0.090073,-0.387544,0.917440,-0.631736,0.689912,0.353454,1.388301,-3.914927,0.208481,101.708984375,0.000015
203027735,jog,-2.663696,-29.288666,-18.677429,332.164062,205.103134,-643.368225,-0.121023,-0.957117,-0.263212,5.644564-22.613426,17.390353,-67.698998,-0.638779,-232.024002,-95.266708,73.159913,-24.692741,-76.930911,-0.184032,-0.975441,0.121023,0.282198,0.065509,0.957117,-0.941540,0.210293,0.263211,2.188223,1.197458,0.640256,101.708984375,0.000015
203027929,jog,-5.067139,-29.894241,-17.048096,329.010345,204.420822,-641.220459,0.255903,-0.907665,-0.332651,87.047363-153.610654,-61.957472,-149.539301,-112.463654,-20.206940,-165.133636,65.184702,37.570503,158.672531,-0.939608,-0.227268,-0.255903,-0.152642,-0.390952,0.907665,-0.306329,0.891911,0.332651,-0.162962,-1.106251,-0.086950,101.708984375,0.000015
203028124,jog,3.048950,-27.471634,-18.778687,336.007446,207.813568,-644.462646,0.547834,-0.709491,-0.443283,128.22111558.879202,234.439113,97.775476,47.153076,264.887756,144.226791,45.193550,51.021786,122.201627,-0.801915,0.238347,-0.547834,-0.596314,-0.375542,0.709491,-0.036630,0.895633,0.443283,-1.889677,0.676258,0.504654,101.708984375,0.000015
203028334,jog,-6.355896,-32.292130,-11.056091,328.702606,202.925385,-635.746033,0.023687,-0.989691,-0.141248,43.363525-7.126910,44.324793,89.071971,-50.144913,83.624313,51.759415,81.765770,9.520001,-141.194102,-0.665961,-0.745610,-0.023687,0.089754,-0.111608,0.989691,-0.740567,0.656970,0.141248,0.618219,-0.522165,-0.190814,101.7083587646484,0.000015
203028529,jog,-1.314758,-29.656616,-15.664673,333.442535,205.483627,-641.707214,0.218924,-0.929596,-0.296519,56.251068116.191859,-122.982405,-29.464746,118.472305,-87.592316,-143.992645,68.371931,36.439002,-171.089303,-0.709255,-0.670096,-0.218924,0.057091,-0.364132,0.929596,-0.702636,0.646822,0.296519,-0.076194,-1.085419,0.123927,101.7083587646484,0.000015
