153323649,car,0.000000,0.000000,0.000000,159.963074,-46.584885,84.336212,-0.999402,-0.017978,-0.029543,0.00000012.362842,3.529692,4.951353,8.555695,2.417175,0.138580,1.030126,-88.306793,0.511305,0.029707,-0.017706,0.999402,-0.008922,0.999799,0.017978,-0.999519,-0.009451,0.029543,-0.017261,0.146366,-0.023787,(null),1.000000
153323855,car,0.000000,0.000000,0.000000,161.890335,-50.979675,83.167191,-0.999223,0.019922,-0.034006,0.000000-7.730163,-3.695392,-1.489618,-4.826355,-1.881866,-1.229614,-1.141518,-88.050810,0.391665,0.033876,0.020142,0.999223,-0.006834,0.999778,-0.019922,-0.999403,-0.006154,0.034006,-0.007903,0.118124,-0.014364,(null),1.000000
153324052,car,-41.942463,-6.282555,-24.778145,161.014313,-52.913391,85.338226,-0.998257,0.044878,-0.038324,262.367859-1.070719,-0.169533,0.367406,-8.368530,-0.473251,-1.226303,-2.572170,-87.801420,19.595028,0.021102,0.055113,0.998257,-0.335032,0.941137,-0.044878,-0.941970,-0.333501,0.038324,0.009518,-0.010652,-0.000769,(null),1.000000
153324249,car,-41.955444,-6.163880,-24.785975,160.488693,-50.979675,85.839233,-0.997814,0.052325,-0.040356,266.843567-8.340241,1.132285,1.209223,-5.988922,-3.828476,-1.360580,-2.999348,-87.683948,19.675155,0.020450,0.062836,0.997814,-0.336226,0.940327,-0.052325,-0.941559,-0.334421,0.040356,0.058850,0.058637,-0.002490,(null),1.000000
153324449,car,-42.069412,-5.549759,-24.737873,160.138275,-48.870178,86.841248,-0.997426,0.061819,-0.036339,268.1901866.198831,-1.095205,0.791098,1.464523,0.672195,1.404602,-3.544211,-87.913499,19.614530,0.013557,0.070415,0.997426,-0.335048,0.940171,-0.061819,-0.942103,-0.333348,0.036339,-0.005611,0.022898,-0.016030,(null),1.000000
153324653,car,-42.114746,-5.383110,-24.697521,160.138275,-50.628098,85.505219,-0.996709,0.072220,-0.036808,270.3408202.841164,-2.376115,-1.644431,-0.370468,-5.056381,-0.691681,-4.141482,-87.885041,19.641835,0.010498,0.080376,0.996709,-0.335262,0.939353,-0.072220,-0.942067,-0.333400,0.036808,0.037481,0.029328,0.003437,(null),1.000000
153324849,car,-42.120689,-4.963808,-24.775103,159.612671,-48.342804,85.338226,-0.996127,0.079148,-0.038286,270.440521-4.061083,0.446814,-0.960647,-2.378220,2.497528,-1.148209,-4.539594,-87.798954,19.638162,0.009592,0.087397,0.996127,-0.335025,0.938879,-0.079148,-0.942160,-0.332968,0.038286,-0.024350,0.012786,-0.011855,(null),1.000000
153325055,car,-42.081787,-4.638224,-24.903963,159.437454,-49.924927,85.505219,-0.995544,0.084842,-0.041154,270.4505622.533044,-1.816211,0.074647,-1.404694,-3.965454,-2.575623,-4.866953,-87.632830,19.687848,0.010330,0.093729,0.995544,-0.335681,0.938147,-0.084842,-0.941919,-0.333309,0.041154,0.025268,-0.007236,0.001268,(null),1.000000
153325255,car,-42.110847,-4.653407,-24.851954,159.437454,-48.870178,87.843262,-0.995756,0.083368,-0.038974,270.608582-2.844909,-1.432758,1.519768,-14.240570,-4.045715,0.580933,-4.782175,-87.758598,19.565822,0.008954,0.091591,0.995756,-0.333724,0.938977,-0.083368,-0.942628,-0.331561,0.038974,0.008467,-0.007989,0.010257,(null),1.000000
153325451,car,-42.086704,-4.643024,-24.894760,159.963074,-51.155472,87.008255,-0.995656,0.084018,-0.040113,271.38674912.913781,-0.177130,4.581921,10.263107,3.092239,2.395935,-4.819586,-87.692941,19.532694,0.009870,0.092578,0.995656,-0.333163,0.939119,-0.084018,-0.942818,-0.330886,0.040113,-0.005885,0.065411,0.005323,(null),1.000000
153325658,car,-42.075954,-4.694806,-24.903212,161.014313,-49.045975,87.008255,-0.995723,0.083287,-0.039995,272.344147-10.048082,-0.881662,-1.771773,4.030640,0.849365,1.468201,-4.777543,-87.699839,19.539358,0.009990,0.091851,0.995723,-0.333292,0.939138,-0.083287,-0.942771,-0.331035,0.039995,-0.014455,0.009379,-0.005430,(null),1.000000
153325852,car,-42.082539,-4.668561,-24.897022,159.787872,-49.924927,86.173233,-0.995655,0.083452,-0.041312,271.3995363.755753,-1.086748,0.367439,-8.367065,-1.575272,-2.692520,-4.787018,-87.624026,19.819743,0.010730,0.092498,0.995655,-0.337879,0.937482,-0.083452,-0.941128,-0.335516,0.041312,0.023792,-0.035555,-0.000909,(null),1.000000
153326052,car,-42.110500,-4.666131,-24.850155,158.736633,-48.870178,87.175247,-0.995576,0.085202,-0.039612,271.2894905.341501,0.807492,2.877970,4.581512,2.493835,1.841003,-4.887632,-87.721505,19.576776,0.008933,0.093534,0.995576,-0.333851,0.938767,-0.085202,-0.942583,-0.331613,0.039612,-0.011596,0.017307,-0.008133,(null),1.000000
153326248,car,-42.124844,-4.620701,-24.834328,160.488693,-49.221756,85.171219,-0.995581,0.085477,-0.038879,271.371490-6.321890,-1.744245,-1.959193,-5.925949,-2.062820,-1.413910,-4.903430,-87.763649,19.638763,0.008046,0.093558,0.995581,-0.334859,0.938383,-0.085477,-0.942234,-0.332691,0.038879,0.014823,-0.001157,-0.008515,100.1302185058594,1.000000
153326452,car,-42.170753,-4.549859,-24.769405,161.189514,-47.463837,85.839233,-0.995403,0.087753,-0.038361,271.5759282.408581,-0.409542,1.825129,-1.224854,-0.784042,1.213669,-5.034380,-87.793023,19.789157,0.006548,0.095548,0.995403,-0.337254,0.937315,-0.087753,-0.941391,-0.335129,0.038361,0.013012,-0.036972,-0.007873,100.1302185058594,1.000000
153326650,car,-42.176502,-4.521160,-24.764877,158.561432,-50.803894,86.006241,-0.995505,0.086868,-0.037722,271.8968811.493766,0.076329,0.789915,2.806793,0.429245,2.318039,-4.983445,-87.829985,19.615951,0.006526,0.094480,0.995505,-0.334445,0.938403,-0.086868,-0.942393,-0.332375,0.037722,-0.003045,0.041169,-0.014616,100.1302185058594,1.000000
153326853,car,-42.132149,-4.536144,-24.837532,160.663895,-48.694382,87.008255,-0.995385,0.087258,-0.039939,272.016296-4.245885,-0.650343,-1.837250,-4.581909,-0.966995,-0.738358,-5.005878,-87.702296,19.728064,0.008308,0.095604,0.995385,-0.336269,0.937715,-0.087258,-0.941729,-0.333992,0.039939,0.012749,-0.012505,-0.002648,100.1302185058594,1.000000
153327052,car,-42.111008,-4.378934,-24.901510,159.963074,-49.749130,88.344269,-0.994860,0.091984,-0.042333,272.1337891.675924,0.444711,0.731653,-0.672913,0.003464,0.486679,-5.277776,-87.563458,19.797054,0.008874,0.100868,0.994860,-0.337254,0.936909,-0.091984,-0.941372,-0.334704,0.042333,0.006289,-0.004246,-0.002391,100.1302185058594,1.000000
153327255,car,-42.114288,-4.450168,-24.883326,159.787872,-48.870178,86.841248,-0.995012,0.090661,-0.041613,272.2030030.696807,-0.102355,0.178944,1.097809,0.429184,1.342392,-5.201643,-87.605197,19.699360,0.008806,0.099366,0.995012,-0.335697,0.937597,-0.090661,-0.941929,-0.333224,0.041613,-0.000532,0.009498,-0.020765,100.1302185058594,1.000000
153327458,car,-42.090034,-4.382545,-24.936316,158.736633,-48.870178,87.843262,-0.994898,0.091742,-0.041958,272.180695-3.151506,-0.524828,-1.165396,-2.443527,-0.422501,-0.429932,-5.263804,-87.585059,19.778778,0.008634,0.100511,0.994898,-0.336962,0.937038,-0.091742,-0.941478,-0.334451,0.041959,0.003840,-0.008093,0.004559,100.1302185058594,1.000000
153327651,car,-42.068962,-4.346888,-24.978079,159.437454,-50.628098,87.843262,-0.994737,0.092813,-0.043415,272.2785031.671851,-0.162302,0.484501,0.120392,-0.301346,0.851364,-5.325475,-87.500954,19.824666,0.009572,0.102017,0.994737,-0.337679,0.936674,-0.092813,-0.941213,-0.335013,0.043415,0.003846,-0.021326,-0.003018,100.1295852661133,1.000000
153327851,car,-42.088406,-4.376068,-24.940197,159.437454,-50.628098,86.507248,-0.994807,0.092360,-0.042767,272.2713320.265931,0.084707,0.423630,0.244400,0.121490,0.061600,-5.299419,-87.538378,19.759302,0.009226,0.101362,0.994807,-0.336625,0.937098,-0.092360,-0.941594,-0.334024,0.042767,-0.002859,0.010179,-0.012272,100.1295852661133,1.000000
153328054,car,-42.044579,-4.352332,-25.018152,160.663895,-48.342804,84.670212,-0.994810,0.092154,-0.043137,272.2647090.993900,-4.180036,-0.019831,0.359741,-2.548767,2.425293,-5.287522,-87.517100,19.787645,0.009595,0.101297,0.994810,-0.337094,0.936950,-0.092154,-0.941422,-0.334461,0.043137,0.017958,0.015177,0.021439,100.1295852661133,1.000000
153328252,car,-42.054005,-4.372311,-24.998823,159.787872,-51.331268,84.837219,-0.994750,0.092073,-0.044663,272.256012-1.380745,3.070144,-0.782302,-4.092758,2.937424,1.288239,-5.282874,-87.429248,19.864415,0.010930,0.101748,0.994750,-0.338352,0.936504,-0.092073,-0.940956,-0.335570,0.044662,-0.025590,-0.012712,-0.005829,100.1295852661133,1.000000
153328457,car,-42.019962,-4.349787,-25.059914,161.364731,-51.858643,88.344269,-0.994673,0.092638,-0.045208,271.9768070.814591,-1.870372,-1.714693,1.036926,-1.707474,-0.006485,-5.315366,-87.397668,19.835221,0.011309,0.102458,0.994673,-0.337857,0.936627,-0.092638,-0.941129,-0.335010,0.045208,0.020933,0.035689,0.006543,100.1295852661133,1.000000
153328651,car,-42.014778,-4.375649,-25.064106,159.437454,-49.924927,87.175247,-0.994898,0.090778,-0.044027,271.858124-0.403907,-1.387339,-3.419061,-2.868866,0.732834,-1.095200,-5.208341,-87.466182,19.875508,0.010744,0.100317,0.994898,-0.338574,0.936551,-0.090778,-0.940878,-0.335871,0.044027,-0.016180,0.001736,-0.007945,100.1295852661133,1.000000
153328851,car,-42.052364,-4.450191,-24.987829,160.313492,-47.991211,86.674240,-0.994587,0.093093,-0.046149,272.1058041.127189,2.690109,-3.217682,-0.484940,-0.129730,-2.254105,-5.341568,-87.343366,19.972131,0.011800,0.103232,0.994587,-0.340080,0.935777,-0.093093,-0.940323,-0.337141,0.046149,-0.008297,0.009477,0.008063,100.1289520263672,1.000000
153329053,car,-42.032631,-4.319841,-25.043852,161.014313,-49.045975,86.674240,-0.994507,0.094519,-0.044975,272.4549565.456607,0.074535,0.002746,1.346649,0.174301,-1.337967,-5.423632,-87.410628,19.967702,0.010217,0.104174,0.994507,-0.339962,0.935677,-0.094519,-0.940384,-0.337128,0.044975,-0.018463,0.010324,0.010948,100.1289520263672,1.000000
153329257,car,-42.058014,-4.278444,-25.008312,161.189514,-49.573349,86.841248,-0.994289,0.096855,-0.044811,272.5155333.560101,4.659829,3.127858,15.111435,1.261642,-11.005493,-5.558080,-87.419525,19.728100,0.009719,0.106275,0.994289,-0.335970,0.936880,-0.096855,-0.941823,-0.333110,0.044811,-0.053562,0.033822,-0.021077,100.1289520263672,1.000000
153329450,car,-42.003685,-4.299228,-25.095901,161.014313,-49.397552,87.676254,-0.994235,0.097619,-0.044360,273.032043-6.778672,-5.357722,4.965871,-5.497345,-3.164581,-2.575317,-5.602052,-87.445301,19.991320,0.008547,0.106884,0.994235,-0.340245,0.935256,-0.097619,-0.940298,-0.337449,0.044360,-0.021253,0.011161,-0.001141,100.1289520263672,1.000000
153329649,car,-42.042400,-4.135004,-25.058645,161.715134,-48.694382,88.010269,-0.994066,0.097790,-0.047647,273.180115-3.961439,0.664001,4.567869,-4.644470,-1.146622,-0.008408,-5.611897,-87.255815,20.065919,0.011457,0.108175,0.994066,-0.341457,0.934797,-0.097790,-0.939828,-0.338310,0.047647,0.007143,-0.024700,0.016779,100.1289520263672,1.000000
153329842,car,-41.927261,-4.429698,-25.200785,162.415955,-49.045975,85.672226,-0.994422,0.092936,-0.049868,273.2934573.680271,1.919678,2.750434,0.058395,0.616409,1.890472,-5.332536,-87.129158,20.008518,0.015303,0.104354,0.994422,-0.340679,0.935575,-0.092936,-0.940055,-0.337357,0.049868,0.015174,0.010473,-0.003996,100.1289520263672,1.000000
153330050,car,-41.920971,-4.413169,-25.214153,161.715134,-49.749130,88.010269,-0.994410,0.093531,-0.049003,273.333740-0.773775,-0.770049,-2.257844,-4.883682,-0.364410,-2.502029,-5.366747,-87.178846,20.057974,0.014194,0.104632,0.994410,-0.341467,0.935228,-0.093531,-0.939786,-0.338231,0.049003,-0.017660,0.014151,0.011542,100.1289520263672,1.000000
153330249,car,-41.994663,-4.334183,-25.104984,162.240753,-48.870178,88.177261,-0.994183,0.096858,-0.047092,273.325470-3.099987,-0.087047,-0.184023,-0.062897,-0.728195,0.605820,-5.558291,-87.288046,20.093251,0.011197,0.107116,0.994183,-0.341934,0.934719,-0.096858,-0.939657,-0.338860,0.047092,0.016156,-0.007182,-0.001644,100.1288146972656,1.000000
153330456,car,-42.068180,-4.150434,-25.012783,161.715134,-50.100723,87.342255,-0.994000,0.099924,-0.044480,273.3019711.235365,0.029553,1.161049,-1.038162,1.222000,0.430695,-5.734799,-87.437811,20.042096,0.007786,0.109099,0.994000,-0.340995,0.934739,-0.099924,-0.940033,-0.338171,0.044480,0.001248,-0.020609,-0.015243,100.1288146972656,1.000000
153330650,car,-42.072430,-4.117323,-25.011106,162.240753,-48.518600,86.507248,-0.993958,0.100277,-0.044627,273.2441710.867707,-1.128995,0.425539,-4.091812,-0.604904,-1.284515,-5.755143,-87.429258,20.088428,0.007717,0.109488,0.993958,-0.341739,0.934430,-0.100277,-0.939763,-0.338900,0.044627,0.025300,-0.037442,-0.023916,100.1288146972656,1.000000
153330858,car,-42.006641,-4.260940,-25.097488,160.839111,-49.573349,88.177261,-0.994099,0.097542,-0.047456,273.229919-1.511110,0.821290,-0.908359,-2.994553,-1.151062,-0.189865,-5.597655,-87.266928,20.106176,0.011284,0.107885,0.994099,-0.342122,0.934579,-0.097542,-0.939588,-0.339002,0.047456,0.003117,0.032142,-0.029281,100.1288146972656,1.000000
153331040,car,-41.776409,-4.297159,-25.472799,161.890335,-50.276520,87.175247,-0.993318,0.099103,-0.059139,273.1841430.930599,-0.214625,-0.909379,-0.120605,1.583618,0.006653,-5.687524,-86.592816,20.167401,0.021681,0.113352,0.993318,-0.343067,0.934068,-0.099103,-0.939061,-0.338626,0.059139,-0.020125,0.029467,-0.024967,100.1288146972656,1.000000
153331252,car,-41.483658,-4.168880,-25.967747,162.065552,-50.452301,88.678268,-0.992299,0.102216,-0.069961,273.087341-0.660942,-0.140722,0.491882,-0.123886,-2.010086,-0.191345,-5.866766,-85.967081,20.201592,0.030793,0.119977,0.992299,-0.343516,0.933568,-0.102216,-0.938642,-0.337723,0.069961,0.017385,0.006778,-0.009812,100.1288146972656,1.000000
153331455,car,-41.311729,-4.046855,-26.259499,161.890335,-49.221756,85.505219,-0.991669,0.103566,-0.076593,273.0314641.416827,0.769699,0.254730,-4.398544,0.070053,-0.185730,-5.944550,-85.583436,20.328823,0.036338,0.123580,0.991669,-0.345539,0.932672,-0.103566,-0.937700,-0.338897,0.076593,0.000595,-0.024266,-0.026037,100.1288146972656,1.000000
153331649,car,-41.208595,-4.018377,-26.425394,161.189514,-49.573349,87.843262,-0.991230,0.105375,-0.079738,273.0093381.720166,-0.142319,0.495594,-1.587341,-0.548416,-0.977890,-6.048782,-85.400829,20.342549,0.038670,0.126360,0.991230,-0.345697,0.932411,-0.105375,-0.937549,-0.338590,0.079738,-0.001323,0.013643,-0.003544,100.1288146972656,1.000000
153331849,car,-41.133041,-4.074008,-26.534369,162.766373,-49.045975,87.342255,-0.991093,0.104564,-0.082462,272.922150-1.945142,0.410977,-0.417665,-3.971100,-0.052460,-0.125031,-6.002068,-85.243757,20.411462,0.041368,0.126580,0.991094,-0.346848,0.932075,-0.104564,-0.937009,-0.339433,0.082462,-0.015392,0.009724,0.009602,100.1288146972656,1.000000
153332051,car,-41.088398,-3.989202,-26.616299,161.715134,-49.749130,85.672226,-0.990577,0.107394,-0.084994,272.7915340.314298,-0.569937,-0.966717,0.916000,0.304138,0.428268,-6.165128,-85.095870,20.451880,0.042712,0.130128,0.990577,-0.347400,0.931547,-0.107394,-0.936744,-0.339539,0.084994,0.004996,0.012952,-0.020337,100.1288146972656,1.000000
153332256,car,-41.032146,-4.102987,-26.685686,162.766373,-47.991211,88.010269,-0.990683,0.105481,-0.086141,272.683563-0.545515,-0.926043,0.857943,-1.221359,0.245605,-0.182571,-6.054880,-85.030541,20.583189,0.044151,0.128831,0.990683,-0.349606,0.930940,-0.105481,-0.935856,-0.341691,0.086141,0.010703,-0.023023,-0.013910,100.1288146972656,1.000000
153332449,car,-40.964283,-2.964420,-21.626312,162.941574,-48.167007,86.507248,-0.990927,0.107049,-0.081267,272.9586791.901152,1.261877,1.722375,-2.077469,0.554459,0.427063,-6.145223,-85.311600,21.924352,0.035989,0.129494,0.990927,-0.371237,0.922347,-0.107049,-0.927841,-0.364016,0.081267,-0.002725,-0.009988,0.060225,100.1288146972656,1.000000
153332646,car,-41.276859,-3.119362,-21.001152,164.693634,-48.870178,86.841248,-0.992692,0.102690,-0.063383,273.1702882.082545,-1.250320,-0.542274,-2.259949,0.614059,0.000900,-5.894112,-86.346671,21.950161,0.020793,0.118871,0.992692,-0.371824,0.922606,-0.102690,-0.928070,-0.366971,0.063383,-0.028045,-0.027587,0.104383,100.1288146972656,1.000000
153332841,car,-41.618290,-3.397965,-20.271400,162.415955,-49.749130,87.676254,-0.994404,0.095450,-0.045278,273.349426-0.483215,-0.092449,-0.358679,-3.238281,-1.884460,-0.984833,-5.477212,-87.392964,21.883359,0.006669,0.105434,0.994404,-0.371017,0.923708,-0.095450,-0.928602,-0.368304,0.045278,0.030460,0.005746,0.030294,100.1286773681641,1.000000
153333052,car,-41.663525,-3.355886,-20.185305,160.313492,-49.749130,87.676254,-0.994126,0.097801,-0.046345,273.3877260.981726,-0.458522,0.189690,-0.366608,1.893051,1.103928,-5.612580,-87.330852,21.949843,0.006675,0.108021,0.994126,-0.372003,0.923065,-0.097801,-0.928208,-0.369165,0.046345,-0.022964,0.001014,0.000996,100.1286773681641,1.000000
153333255,car,-41.700504,-3.453276,-20.092306,162.591171,-49.573349,88.511276,-0.994468,0.095396,-0.043959,273.326569-0.239936,0.702035,0.619427,-1.589172,-1.093567,-0.249451,-5.474139,-87.468981,21.976108,0.005287,0.104904,0.994468,-0.372513,0.923111,-0.095396,-0.928012,-0.369948,0.043959,-0.001183,-0.010313,0.030318,100.1286773681641,1.000000
153333449,car,-41.819626,-3.618934,-19.813637,165.044052,-49.573349,88.177261,-0.995059,0.092237,-0.036731,273.263214-2.868140,-1.433360,-1.340864,-5.559067,-1.759155,-1.412338,-5.292289,-87.885953,22.053163,-0.000418,0.099280,0.995059,-0.373866,0.922885,-0.092237,-0.927483,-0.372058,0.036731,-0.010144,0.007174,0.036701,100.1286773681641,1.000000
153333648,car,-41.902920,-3.607564,-19.638954,160.839111,-50.276520,87.509262,-0.995072,0.093053,-0.034244,273.3357852.202501,1.118592,0.257580,1.709000,1.403885,1.773285,-5.339248,-88.028998,22.097716,-0.003117,0.099105,0.995072,-0.374555,0.922524,-0.093053,-0.927199,-0.372999,0.034244,-0.010665,0.007793,-0.001858,100.1286773681641,1.000000
153333853,car,-41.956345,-3.637644,-19.518974,161.014313,-49.749130,85.672226,-0.995265,0.092125,-0.030982,273.1832582.382999,-0.646962,0.737121,-1.221329,-0.364838,-0.550552,-5.285870,-88.217005,22.082006,-0.005784,0.097023,0.995265,-0.374335,0.922706,-0.092125,-0.927276,-0.373095,0.030982,-0.003850,-0.005943,0.009314,100.1286773681641,1.000000
153334039,car,-41.980316,-3.704342,-19.454782,159.787872,-48.870178,85.839233,-0.995391,0.091262,-0.029447,273.080322-3.236270,-0.581690,-1.336824,-3.910202,-0.784592,-0.432587,-5.236221,-88.305518,22.156718,-0.007017,0.095638,0.995391,-0.375567,0.922291,-0.091262,-0.926769,-0.374477,0.029447,-0.006943,0.011948,0.023084,100.1290435791016,1.000000
153334248,car,-42.114002,-3.770386,-19.150784,161.014313,-47.288055,86.674240,-0.995671,0.090111,-0.022802,273.2196660.609438,0.269107,0.922558,-2.077789,0.982452,0.855164,-5.170002,-88.688101,22.205424,-0.012850,0.092059,0.995671,-0.376391,0.922068,-0.090111,-0.926372,-0.375919,0.022802,0.001103,-0.045571,0.042013,100.1290435791016,1.000000
153334452,car,-42.363632,-3.962907,-18.551973,159.963074,-48.342804,87.008255,-0.996368,0.084733,-0.008408,273.4244381.219962,0.076633,-0.235579,-0.185135,-0.239517,0.912292,-4.860660,-89.516505,22.015433,-0.023938,0.081715,0.996368,-0.373508,0.923749,-0.084733,-0.927318,-0.374180,0.008408,0.018432,0.021316,-0.052947,100.1290435791016,1.000000
153334639,car,-42.347118,-3.948054,-18.592796,160.138275,-48.167007,88.845276,-0.996310,0.085266,-0.009787,273.556671-2.321868,-1.017767,-1.887023,-1.099976,-0.668381,-0.247269,-4.891318,-89.437176,22.073723,-0.022938,0.082704,0.996310,-0.374431,0.923326,-0.085266,-0.926971,-0.375005,0.009787,-0.009412,0.010163,-0.016061,100.1290435791016,1.000000
153334849,car,-42.256710,-3.956749,-18.795538,159.087051,-49.924927,86.841248,-0.996261,0.084869,-0.016175,273.4638670.364891,0.813281,0.071442,-4.336716,-0.481094,-0.918793,-4.868505,-89.069859,22.122425,-0.016918,0.084724,0.996261,-0.375228,0.923039,-0.084869,-0.926778,-0.375261,0.016175,0.018783,-0.010467,-0.067398,100.1290435791016,1.000000
153335051,car,-42.154202,-3.901596,-19.035717,159.262253,-49.397552,87.676254,-0.996037,0.086759,-0.019581,273.3130192.623531,-1.139144,0.065765,-0.610062,-0.061722,-0.548798,-4.977161,-88.873752,22.156440,-0.014509,0.087749,0.996037,-0.375715,0.922665,-0.086759,-0.926622,-0.375485,0.019581,-0.007106,0.011462,-0.019191,100.1290435791016,1.000000
153335239,car,-42.095177,-3.834675,-19.179396,159.612671,-51.155472,87.008255,-0.995706,0.089280,-0.024488,273.2019040.242613,0.817467,0.195254,-1.954544,0.003174,-0.305954,-5.122168,-88.591177,22.195175,-0.010952,0.091927,0.995706,-0.376254,0.922205,-0.089280,-0.926452,-0.375616,0.024488,-0.017097,0.019653,-0.000445,100.1290435791016,1.000000
153335447,car,-41.944027,-3.858982,-19.502939,159.262253,-50.803894,86.006241,-0.995479,0.089349,-0.032215,273.013855-1.407604,-0.276166,-0.966310,0.180527,-0.299286,1.399490,-5.126144,-88.146477,22.272456,-0.003915,0.094898,0.995479,-0.377495,0.921691,-0.089349,-0.926003,-0.376139,0.032215,0.021221,0.011100,-0.028683,100.1288681030273,1.000000
153335657,car,-41.877518,-3.790076,-19.658756,158.911835,-49.749130,87.008255,-0.995262,0.090762,-0.034877,272.8754271.703596,-1.675185,0.918338,0.732819,-0.977478,-0.368988,-5.207420,-87.993009,22.311812,-0.002037,0.097211,0.995262,-0.378080,0.921313,-0.090762,-0.925771,-0.376473,0.034877,0.011528,0.004011,0.007930,100.1288681030273,1.000000
153335839,car,-41.891045,-3.842099,-19.619795,158.561432,-49.397552,85.672226,-0.995406,0.089631,-0.033660,272.735321-1.468772,0.273915,-0.659376,-2.628311,0.435852,0.913315,-5.142361,-88.063236,22.475812,-0.003016,0.095695,0.995406,-0.380755,0.920322,-0.089631,-0.924671,-0.379276,0.033660,-0.013902,-0.014969,0.006195,100.1288681030273,1.000000
153336051,car,-41.976704,-4.020524,-19.399727,160.313492,-49.397552,87.676254,-0.995736,0.087389,-0.029529,272.5422060.487262,0.326334,-1.267564,1.157852,-0.728256,1.276611,-5.013445,-88.301348,22.583223,-0.006175,0.092037,0.995736,-0.382556,0.919790,-0.087389,-0.923912,-0.381464,0.029529,-0.000540,0.019956,0.021900,100.1288681030273,1.000000
153336253,car,-42.043316,-4.362835,-19.180277,160.138275,-49.924927,87.843262,-0.996438,0.080327,-0.025669,272.4504090.972551,-1.316629,-0.302567,3.051926,-2.136581,0.419495,-4.607376,-88.524318,22.913847,-0.007544,0.083991,0.996438,-0.388088,0.918115,-0.080327,-0.921591,-0.387312,0.025669,0.029977,-0.016652,0.007023,100.1288681030273,1.000000
153336439,car,-42.197586,-4.921817,-18.700191,159.087051,-49.221756,85.171219,-0.997387,0.070582,-0.015388,272.4217832.805113,0.076894,-0.297804,0.244843,0.242554,-0.120575,-4.047390,-89.116076,23.502570,-0.013997,0.070871,0.997387,-0.397796,0.914755,-0.070582,-0.917367,-0.397744,0.015388,-0.009189,-0.037272,0.010658,100.1288681030273,1.000000
153336646,car,-42.343250,-5.784237,-18.114897,156.809372,-49.749130,86.674240,-0.998349,0.057302,-0.004053,272.5435187.507050,-1.580991,-0.002152,5.312668,-3.240753,-0.314255,-3.284961,-89.767404,24.484569,-0.020054,0.053831,0.998349,-0.413767,0.908578,-0.057302,-0.910162,-0.414233,0.004053,-0.000797,-0.047643,0.049982,100.1297149658203,1.000000
153336858,car,-42.467422,-6.648296,-17.517878,160.663895,-49.397552,88.010269,-0.998778,0.049282,0.003627,272.7156379.644075,-1.343055,-0.122108,8.918457,-0.321609,0.736160,-2.824808,-90.208069,26.041912,-0.024899,0.042684,0.998778,-0.438495,0.897381,-0.049282,-0.898389,-0.439186,-0.003627,-0.024476,-0.071865,0.056935,100.1297149658203,1.000000
153337039,car,-44.735077,-4.395877,-21.580330,160.313492,-51.155472,88.344269,-0.999389,0.028157,0.020687,273.02188111.656815,-1.897749,0.174127,10.261322,-2.213928,0.363739,-1.613480,-91.185857,28.189962,-0.031539,0.015035,0.999389,-0.472209,0.881037,-0.028157,-0.880922,-0.472809,-0.020687,-0.002533,-0.023274,0.023594,100.1297149658203,1.000000
153337254,car,-44.769585,-5.136695,-21.343855,158.211014,-49.045975,89.680283,-0.999380,0.029715,0.018904,273.64132714.538923,-2.080647,0.482381,12.889221,-0.817719,0.737061,-1.702772,-91.083644,20.727135,-0.028203,0.021093,0.999380,-0.353762,0.934864,-0.029715,-0.934910,-0.354380,-0.018904,-0.004450,0.015635,-0.046431,100.1297149658203,1.000000
153337454,car,-44.751297,-5.560411,-21.275930,158.911835,-49.397552,91.016312,-0.999144,0.039149,0.013370,274.62805212.014392,0.067020,1.772880,10.382370,-1.540176,1.401947,-2.243635,-90.766669,21.209514,-0.026636,0.031653,0.999144,-0.361502,0.931549,-0.039149,-0.931991,-0.362235,-0.013370,0.002257,0.078924,-0.128605,100.1297149658203,1.000000
153337637,car,-44.736954,-5.888648,-21.217741,160.488693,-50.276520,91.183304,-0.998222,0.059579,-0.001923,274.96276911.766387,-2.307271,0.429471,11.969391,-2.700073,1.580902,-3.415636,-89.889651,22.884937,-0.021395,0.055638,0.998222,-0.388191,0.919651,-0.059579,-0.921331,-0.388775,0.001923,0.016151,0.088126,-0.123673,100.1297149658203,1.000000
153337856,car,-44.173054,-4.750758,-22.637033,159.963074,-52.561813,92.018326,-0.994931,0.095285,-0.032145,274.6586918.650599,-2.229076,0.440875,4.031998,-0.252411,0.062881,-5.467751,-88.149478,25.011393,-0.011002,0.099958,0.994931,-0.420875,0.902100,-0.095285,-0.907052,-0.419790,0.032145,0.006970,0.059271,-0.097570,100.1297149658203,1.000000
153338059,car,-44.056274,-4.720472,-22.869755,160.313492,-48.694382,92.352325,-0.992516,0.112142,-0.048334,274.0811465.963232,-0.449119,1.122767,2.810150,-1.775772,-0.857986,-6.438791,-87.212002,26.611214,-0.006685,0.121931,0.992516,-0.445109,0.888427,-0.112142,-0.895452,-0.442527,0.048334,0.011620,0.051829,-0.087729,100.1288681030273,1.000000
153338237,car,-43.697380,-4.114408,-16.378702,160.313492,-49.749130,93.020340,-0.988005,0.136951,-0.071347,273.5283511.517870,-1.902227,-0.764094,0.852448,-2.680939,0.111023,-7.871463,-85.869668,30.040890,-0.006032,0.154304,0.988005,-0.495901,0.857512,-0.136951,-0.868358,-0.490779,0.071347,0.018431,0.068493,-0.041675,100.1288681030273,1.000000
153338448,car,-43.578899,-3.520273,-16.826717,159.087051,-49.573349,93.187332,-0.984026,0.155635,-0.086435,272.8553770.176813,1.457926,0.231162,-3.480392,1.345871,-0.423187,-8.953642,-84.980105,33.016039,-0.011105,0.177680,0.984026,-0.538234,0.828300,-0.155635,-0.842722,-0.531365,0.086435,-0.017271,0.049260,-0.031988,100.1288681030273,1.000000
153338656,car,-43.524158,-3.464125,-16.979389,159.963074,-49.749130,92.352325,-0.983777,0.155171,-0.090032,272.0880430.430185,-1.595707,-1.607011,-1.772690,-1.641968,-0.434616,-8.926709,-84.771043,34.929049,-0.013756,0.178870,0.983777,-0.565627,0.809931,-0.155171,-0.824547,-0.558585,0.090032,-0.007785,-0.090626,0.103780,100.1288681030273,1.000000
153338852,car,-43.568703,-3.547632,-16.847424,160.313492,-49.045975,93.354340,-0.985126,0.150176,-0.083513,271.784210-0.909784,1.155661,0.898828,-3.055099,0.678940,0.548645,-8.637107,-85.154372,35.763720,-0.018913,0.170791,0.985126,-0.577816,0.802232,-0.150176,-0.815948,-0.572062,0.083513,-0.020001,-0.059493,0.064486,100.1288681030273,1.000000
153339046,car,-43.684135,-3.847529,-16.478649,158.035812,-50.628098,93.521347,-0.986887,0.143569,-0.073768,271.523041-0.785108,-0.864912,-0.878081,-1.589157,-0.544266,0.057373,-8.254422,-85.725207,35.972665,-0.023773,0.159652,0.986887,-0.581314,0.800913,-0.143569,-0.813332,-0.577104,0.073768,0.000406,-0.029174,0.044959,100.1288681030273,1.000000
153339244,car,-43.784534,-4.451193,-16.054733,161.189514,-49.573349,93.855347,-0.989838,0.127362,-0.063236,271.451416-0.480486,-0.684940,-0.395991,-0.611771,-0.485077,0.180161,-7.317195,-86.344641,35.886194,-0.022852,0.140348,0.989838,-0.581403,0.803585,-0.127362,-0.813294,-0.578406,0.063236,-0.003997,-0.026547,0.042636,100.1294403076172,1.000000
153339438,car,-43.950073,-4.974147,-15.437038,159.437454,-51.682846,93.187332,-0.991754,0.117674,-0.050772,271.490204-1.592694,0.227499,-0.518609,-2.932190,0.860138,0.245026,-6.757867,-87.069335,35.742279,-0.027150,0.125251,0.991754,-0.580082,0.806014,-0.117674,-0.814106,-0.578493,0.050772,-0.004401,-0.015409,0.004538,100.1294403076172,1.000000
153339653,car,-43.984699,-5.166433,-15.274405,161.364731,-49.397552,92.352325,-0.992223,0.114604,-0.048565,271.554535-0.189156,-0.078901,0.150251,-0.736694,-2.248642,0.720627,-6.580812,-87.197879,35.695882,-0.027088,0.121486,0.992223,-0.579638,0.806775,-0.114604,-0.814424,-0.578235,0.048565,0.025533,-0.003871,0.013836,100.1294403076172,1.000000
153339857,car,-43.971626,-5.316141,-15.260665,159.437454,-49.924927,93.187332,-0.992797,0.110139,-0.047151,271.6163330.178647,-1.181319,-1.195091,-0.426895,3.234161,1.414078,-6.323350,-87.280879,35.621374,-0.025513,0.117060,0.992797,-0.578883,0.807938,-0.110139,-0.815011,-0.577523,0.047151,-0.032304,-0.013521,-0.002791,100.1294403076172,1.000000
153340043,car,-43.967056,-5.355591,-15.260046,160.313492,-50.452301,92.686325,-0.992731,0.110157,-0.048487,271.665405-0.676669,0.590590,-0.214504,-4.763687,-0.847961,-1.529648,-6.324356,-87.203754,35.552266,-0.024284,0.117881,0.992731,-0.577907,0.808634,-0.110157,-0.815741,-0.576381,0.048487,0.013223,-0.008671,-0.013692,100.1294403076172,1.000000
153340245,car,-43.800873,-5.294783,-15.751257,158.561432,-50.803894,92.352325,-0.992107,0.110343,-0.059572,271.5546572.608559,-0.321497,0.576528,0.184097,1.340561,0.310333,-6.335098,-86.563752,35.547784,-0.015269,0.124464,0.992107,-0.577832,0.808663,-0.110343,-0.816013,-0.574955,0.059572,-0.018468,-0.030311,-0.039061,100.1294403076172,1.000000
153340452,car,-43.690720,-5.312826,-16.048307,159.612671,-50.100723,92.686325,-0.991586,0.111102,-0.066428,271.535065-1.005079,2.369376,0.768943,0.240845,-2.250839,0.721359,-6.378832,-86.167370,35.548451,-0.010065,0.129054,0.991586,-0.577792,0.808587,-0.111102,-0.816122,-0.574049,0.066428,-0.001532,0.003797,-0.039162,100.1294403076172,1.000000
153340640,car,-43.659050,-5.307294,-16.136078,160.839111,-50.979675,93.521347,-0.991452,0.111182,-0.068283,271.4029540.820187,-1.357775,-1.619490,-0.854340,-0.061417,-0.609879,-6.383461,-86.060174,35.762890,-0.009072,0.130160,0.991452,-0.580809,0.806412,-0.111182,-0.813990,-0.576852,0.068283,-0.017490,-0.004111,-0.035965,100.1285247802734,1.000000
153340847,car,-43.595917,-5.459529,-16.255548,159.787872,-47.815430,92.853333,-0.991278,0.110052,-0.072495,271.5149840.264279,0.297405,0.518883,0.670242,-2.133667,-0.191269,-6.318318,-85.817245,36.058037,-0.005640,0.131663,0.991278,-0.585029,0.803511,-0.110052,-0.810993,-0.580548,0.072495,0.013221,0.005716,-0.017623,100.1285247802734,1.000000
153341041,car,-43.538513,-5.611370,-16.357368,159.262253,-50.452301,91.684311,-0.991337,0.107798,-0.075038,271.6863405.209178,-0.446263,-0.089395,-0.488434,0.976929,0.369171,-6.188386,-85.671350,36.549620,-0.003378,0.131300,0.991337,-0.592049,0.798660,-0.107798,-0.805895,-0.587284,0.075038,-0.018093,-0.004587,0.002345,100.1285247802734,1.000000
153341245,car,-43.606651,-5.892173,-16.074680,160.313492,-47.639633,94.356354,-0.992026,0.104544,-0.070391,271.8559881.235742,-0.135444,-0.091506,0.793228,-0.915009,0.057602,-6.000871,-85.941289,37.054833,-0.006352,0.125872,0.992026,-0.599277,0.793686,-0.104544,-0.800516,-0.595163,0.070391,-0.014489,0.017923,0.069689,100.1285247802734,1.000000
153341444,car,-43.838070,-6.004712,-15.388966,160.138275,-49.924927,93.187332,-0.992826,0.104846,-0.057485,272.1973572.387502,-1.660887,1.061070,1.952255,-0.364166,1.400558,-6.018278,-86.686255,37.462065,-0.017782,0.118241,0.992826,-0.604884,0.789381,-0.104846,-0.796115,-0.602409,0.057485,-0.011874,-0.032229,0.097219,100.1285247802734,1.000000
153341656,car,-44.325050,-6.214946,-13.831758,160.488693,-48.167007,94.189346,-0.994689,0.100800,-0.020819,272.4066161.041792,1.742136,1.499766,-1.835236,-2.126816,0.111343,-5.785223,-88.800937,37.664827,-0.045014,0.092562,0.994689,-0.607929,0.787567,-0.100800,-0.792714,-0.609238,0.020819,0.010894,-0.011261,0.099799,100.1285247802734,1.000000
153341851,car,-44.579914,-6.267272,-12.961696,161.014313,-49.045975,94.022354,-0.994936,0.100499,-0.001770,272.679993-0.427790,-1.252453,-0.584658,-3.240662,0.440399,1.704529,-5.767907,-89.898096,37.846881,-0.060257,0.080451,0.994936,-0.610447,0.785655,-0.100499,-0.789762,-0.613411,0.001770,-0.011488,-0.034337,0.149108,100.1285247802734,1.000000
153342045,car,-44.789791,-6.263460,-12.218706,159.963074,-47.991211,93.688339,-0.994972,0.099353,0.012616,272.9694822.198213,-0.100893,0.456848,1.344238,0.118774,0.001526,-5.701921,-90.726482,37.511936,-0.070551,0.071083,0.994972,-0.605914,0.789302,-0.099353,-0.792396,-0.609877,-0.012616,0.072594,0.039746,-0.110257,100.1285247802734,1.000000
153342253,car,-43.087517,-3.158167,-14.864355,160.313492,-48.694382,95.358368,-0.995205,0.097408,0.008899,273.262360-1.675524,0.577952,-0.091810,-1.163483,0.558014,1.828400,-5.589917,-90.512341,32.811380,-0.060296,0.077019,0.995205,-0.539298,0.836462,-0.097408,-0.839953,-0.542586,-0.008899,-0.045139,-0.015438,-0.004306,100.1285247802734,1.000000
153342440,car,-43.027119,-3.054215,-15.059749,158.035812,-48.518600,93.855347,-0.994869,0.101125,0.002980,273.524750-3.097311,0.825572,-0.760873,-2.382065,0.370010,-0.182922,-5.803974,-90.171636,29.411109,-0.052269,0.086621,0.994869,-0.488555,0.866653,-0.101125,-0.870966,-0.491334,-0.002980,0.004208,0.034693,-0.052114,100.1285247802734,1.000000
153342644,car,-42.994991,-2.979999,-15.165999,159.437454,-50.276520,93.521347,-0.994885,0.101005,0.001518,273.5283511.338474,-1.553340,0.207913,0.913589,-1.033173,1.031540,-5.797041,-90.087394,28.005522,-0.048774,0.088461,0.994885,-0.467155,0.878387,-0.101005,-0.882829,-0.469692,-0.001517,0.026409,-0.000251,-0.028693,100.1285247802734,1.000000
153342844,car,-42.914928,-2.948563,-15.397164,160.138275,-47.815430,94.857361,-0.994868,0.101139,-0.002881,273.504120-0.678191,-0.026670,-0.395514,1.586853,0.915756,1.466629,-5.804746,-89.834070,27.398667,-0.043971,0.091126,0.994868,-0.457819,0.883274,-0.101139,-0.887957,-0.459917,0.002881,-0.010976,0.007534,-0.021304,100.1285247802734,1.000000
153343038,car,-42.897991,-3.031428,-15.428231,158.561432,-49.397552,93.688339,-0.995138,0.098406,-0.003985,273.760712-1.410681,-0.514592,-1.069001,-3.908249,-0.544907,-1.405914,-5.647362,-89.770574,27.492955,-0.041876,0.089140,0.995138,-0.459399,0.882762,-0.098406,-0.887242,-0.461286,0.003985,0.005606,-0.026888,-0.013242,100.1285247802734,1.000000
153343251,car,-42.862125,-3.098224,-15.514403,158.035812,-49.573349,93.521347,-0.995177,0.097900,-0.006242,273.993378-1.479987,0.703402,-1.428059,-1.222565,-0.423050,0.119064,-5.618265,-89.640611,27.490366,-0.039626,0.089740,0.995177,-0.459382,0.882827,-0.097900,-0.887354,-0.461046,0.006242,0.011244,0.001175,-0.002394,100.1285247802734,1.000000
153343441,car,-42.802361,-3.373898,-15.621530,158.035812,-48.167007,92.185318,-0.995877,0.090230,-0.009358,274.1042482.538381,-0.452310,0.640037,-0.792511,1.096481,-0.361313,-5.176862,-89.461648,27.632572,-0.033523,0.084293,0.995877,-0.461908,0.882326,-0.090230,-0.886294,-0.463028,0.009358,0.006421,-0.045751,-0.025036,100.1285247802734,1.000000
153343650,car,-42.843224,-3.580064,-15.462831,159.437454,-48.870178,94.523361,-0.996077,0.088334,-0.005311,274.2737120.214865,0.952454,0.401141,0.794449,0.302948,0.062790,-5.067797,-89.694498,27.711991,-0.036357,0.080681,0.996077,-0.463210,0.881836,-0.088334,-0.885503,-0.464604,0.005311,0.006743,0.007933,-0.008056,100.1285247802734,1.000000
153343844,car,-42.880821,-3.757163,-15.315890,159.963074,-49.397552,93.020340,-0.996249,0.086497,-0.002513,274.4154971.555379,-1.857377,-0.949148,-0.915451,-1.892365,-1.652969,-4.962130,-89.855482,28.137288,-0.038567,0.077464,0.996249,-0.469818,0.878515,-0.086497,-0.881920,-0.471392,0.002513,-0.001798,-0.020167,0.021159,100.1285247802734,1.000000
153344039,car,-42.978210,-4.363781,-14.875774,157.510193,-50.100723,94.022354,-0.997170,0.074934,0.006067,274.5511784.056972,0.577332,0.583475,1.526077,-1.648407,-0.188553,-4.297431,-90.348572,28.795540,-0.041425,0.062736,0.997170,-0.480331,0.873880,-0.074934,-0.876108,-0.482076,-0.006067,-0.016044,-0.050306,0.055396,100.1285247802734,1.000000
153344238,car,-43.123013,-5.220249,-14.163771,160.663895,-49.397552,94.022354,-0.998076,0.057686,0.022710,274.7432258.259546,-1.933095,0.148375,6.475998,-0.319290,-0.057343,-3.306997,-91.303479,29.812352,-0.048409,0.038729,0.998076,-0.496333,0.866213,-0.057686,-0.866781,-0.498171,-0.022710,-0.011949,-0.067803,0.035105,100.1285247802734,1.000000
153344460,car,-43.263000,-6.660686,-13.092207,158.561432,-50.452301,95.358368,-0.998556,0.034166,0.041468,275.1553968.929497,-1.147556,-0.279279,9.222824,-1.967758,0.424896,-1.957927,-92.378013,31.524714,-0.053217,0.007403,0.998556,-0.522561,0.851917,-0.034166,-0.850939,-0.523624,-0.041468,-0.017253,-0.070268,0.058889,100.1281433105469,1.000000
153344654,car,-43.337696,-7.755065,-12.213128,159.262253,-49.397552,95.024368,-0.998349,0.026157,0.051129,275.94632011.673300,-1.332867,0.451608,9.591278,-0.202789,0.371796,-1.498868,-92.931744,33.765036,-0.057038,-0.006710,0.998349,-0.555598,0.831039,-0.026157,-0.829492,-0.556173,-0.051129,-0.006457,-0.011585,-0.021344,100.1281433105469,1.000000
153344850,car,-43.373566,-8.080554,-11.869960,157.685394,-48.518600,97.195389,-0.998168,0.032890,0.050777,276.91540510.924152,-2.108505,3.191167,12.030594,-2.700455,1.520050,-1.884799,-92.912119,35.957577,-0.060411,-0.003243,0.998168,-0.586868,0.809014,-0.032890,-0.807425,-0.587780,-0.050777,0.042785,0.149636,-0.155284,100.1281433105469,1.000000
153345052,car,-44.317188,-3.254858,-12.623886,159.612671,-48.342804,97.028397,-0.997738,0.040660,0.053525,277.8822026.068282,-1.069327,1.183317,5.618622,1.396317,2.080704,-2.330306,-93.070790,31.088554,-0.066841,0.007109,0.997738,-0.515935,0.855662,-0.040660,-0.854016,-0.517486,-0.053525,-0.028339,0.208439,-0.155195,100.1281433105469,1.000000
153345253,car,-44.322067,-3.478782,-12.546810,160.663895,-49.397552,99.366425,-0.997740,0.042023,0.052438,278.6913152.011839,-2.533173,-1.869932,2.746460,-5.431946,-1.482574,-2.408429,-93.008525,27.086341,-0.065836,0.013464,0.997740,-0.454930,0.889535,-0.042023,-0.888090,-0.456669,-0.052438,0.041487,0.094559,-0.023202,100.1281433105469,1.000000
153345439,car,-44.324242,-3.441685,-12.549387,159.963074,-48.694382,97.696396,-0.997525,0.046062,0.053117,279.3028262.728972,-1.797424,-0.523934,2.383453,3.472168,1.599915,-2.640077,-93.048035,25.046952,-0.067646,0.019160,0.997525,-0.422911,0.905000,-0.046062,-0.903643,-0.424981,-0.053117,-0.039157,0.011891,-0.059464,100.1281433105469,1.000000
153345644,car,-44.294529,-3.044865,-12.755170,157.860611,-48.342804,98.364410,-0.997001,0.061536,0.046934,279.909088-1.199372,2.184319,1.932760,-3.119202,-2.426956,0.474472,-3.527980,-92.695226,23.913624,-0.067903,0.037130,0.997001,-0.404591,0.912425,-0.061536,-0.911973,-0.407556,-0.046934,0.037925,0.066150,0.002352,100.1281433105469,1.000000
153345849,car,-44.317116,-2.520155,-12.791125,159.087051,-47.815430,97.863403,-0.995762,0.076844,0.050531,280.284119-1.078775,-1.906236,-0.456117,-4.704941,1.293579,1.037186,-4.407169,-92.905038,23.411420,-0.077002,0.050290,0.995762,-0.396156,0.914962,-0.076844,-0.914949,-0.400394,-0.050531,-0.031689,0.042037,0.068747,100.1272811889648,1.000000
153346045,car,-44.473907,-2.126067,-12.309444,157.334991,-48.518600,96.193375,-0.994976,0.080029,0.060157,280.379089-4.806932,-0.067237,1.194018,-6.234558,-0.590088,1.210693,-4.590213,-93.459944,22.652496,-0.086461,0.050477,0.994976,-0.383906,0.919898,-0.080029,-0.919315,-0.388896,-0.060157,0.012722,0.040119,0.127251,100.1272811889648,1.000000
153346253,car,-44.788239,-1.263377,-11.242266,158.035812,-47.815430,97.195389,-0.991745,0.090378,0.090962,276.585022-9.631688,0.967112,0.405678,-11.182556,1.921753,2.191986,-5.185378,-95.240454,20.890094,-0.117424,0.051516,0.991745,-0.355117,0.930443,-0.090378,-0.927418,-0.362798,-0.090962,-0.014282,0.058181,0.126247,100.1272811889648,1.000000
153346456,car,-44.976128,0.005589,-10.541294,158.561432,-50.100723,96.694382,-0.988687,0.104245,0.107847,276.224091-13.296798,0.296445,-0.448444,-17.837006,2.474548,-0.368378,-5.983661,-96.225262,18.506149,-0.135723,0.063853,0.988687,-0.315677,0.943123,-0.104245,-0.939110,-0.326254,-0.107847,-0.000998,0.083896,0.101382,100.1272811889648,1.000000
